0.040059,-3.2039e-05,-8.0577e-05,2.4939e-05,7.1014e-05,-3.189e-06,-6.0189e-05,2.1545e-05,1.9107e-05,2.4072e-05,3.9828e-05,-8.1175e-05,6.5274e-06,-1.0551e-05,2.1664e-05,4.5387e-05,2.278e-05,6.8792e-05,1.0401e-05,-2.1322e-05,4.2638e-05,3.8642e-05,-1.4688e-05,-3.0847e-05,-4.4632e-06,2.4644e-05,5.0808e-05,9.6794e-05,-8.0664e-05,-3.3459e-06,-6.1555e-05,-8.7697e-05,-3.4436e-05,0.00010203,6.0785e-05,4.4846e-05,-2.5272e-05,-3.0582e-05,-5.2061e-05,3.9859e-06,-0.00014085,3.8487e-05,-6.398e-05,1.557e-05,-4.4761e-05,6.0248e-05,-1.7843e-05,9.7666e-07,-5.6967e-05,-1.1681e-05,-5.9272e-05,2.6549e-06,-7.9696e-05,1.0419e-05,2.869e-05,1.7113e-05,7.6872e-05,9.8379e-06,2.5058e-05,3.0493e-05,-2.3884e-05,1.7892e-05,-4.303e-05,-2.8113e-05,-1.4512e-05,-0.00010644,7.0688e-06,-1.8926e-05,8.5306e-05,-0.00011013,-9.5066e-05,0.00010758,-5.5709e-05,1.4972e-05,-1.6808e-05,-5.1556e-05,8.3405e-05,-4.4369e-05,9.369e-06,-6.78e-05
-3.2039e-05,0.040027,-3.6333e-05,1.0532e-05,-8.516e-05,3.6761e-05,7.8277e-05,-4.3844e-05,-5.3681e-05,-9.4154e-05,3.1866e-05,6.8247e-05,-4.4875e-05,0.00014001,1.9016e-05,7.1449e-06,-4.1155e-07,2.8605e-05,4.8637e-06,-1.714e-05,-1.6759e-05,-5.5161e-06,2.9719e-05,3.5064e-05,-2.8842e-05,5.9185e-05,0.00017992,-1.9439e-05,-5.8919e-05,0.00017051,-5.1691e-05,-3.1618e-05,-7.2617e-07,1.5215e-05,1.8098e-05,-6.8778e-05,-4.6693e-05,-5.0113e-05,-2.4001e-05,-9.4134e-05,1.3067e-05,4.221e-05,-2.1448e-05,8.7456e-05,6.9122e-05,2.5773e-05,-5.1758e-05,-6.5937e-05,-4.2105e-07,2.9326e-05,-1.9036e-05,-7.3061e-05,-1.2217e-06,-3.6712e-05,-5.1347e-05,-1.0244e-05,-5.7263e-05,-6.3897e-05,2.6091e-05,-1.6937e-05,2.6953e-05,-4.3863e-05,-0.00011332,-1.2091e-05,-8.7211e-05,-2.1194e-05,-9.6088e-06,5.5583e-06,-7.8127e-05,-3.8579e-05,1.4024e-05,3.9268e-05,8.1995e-05,4.192e-05,-6.8223e-05,-5.5576e-05,-6.8611e-05,-8.0789e-05,-6.8409e-05,5.9066e-05
-8.0577e-05,-3.6333e-05,0.039942,2.0144e-05,-8.4462e-06,-6.6888e-05,6.9461e-05,-1.8892e-05,3.2073e-05,-8.7142e-05,5.7044e-05,-4.0908e-05,5.5905e-05,6.2126e-05,5.2142e-05,2.6336e-05,3.42e-06,1.843e-05,0.00010826,1.3475e-05,-9.7186e-05,9.2731e-05,-8.2729e-05,-3.8306e-05,1.025e-05,1.2161e-05,-0.00012102,-5.6385e-06,3.1827e-06,-4.337e-05,-0.000172,-8.9016e-05,-7.3324e-06,0.00012266,-0.00013578,0.00010152,-0.00022368,-4.4851e-05,-2.6415e-07,2.3955e-05,-2.0818e-05,2.1709e-06,8.5499e-05,-9.1649e-05,8.5391e-05,-3.1485e-05,8.1969e-05,-4.8582e-05,-7.0015e-05,5.898e-05,-1.8078e-05,-2.0733e-05,-7.6775e-06,-8.0634e-05,0.00011974,0.00016545,-4.9493e-05,-7.4601e-05,5.5924e-05,3.3984e-06,9.2066e-05,-2.9234e-05,-4.5306e-05,-6.3879e-05,-8.6154e-05,0.00012283,5.0962e-05,-8.2321e-05,-0.0001198,3.5169e-05,1.6529e-05,2.8387e-05,0.00020729,-1.5159e-06,-1.34e-05,7.3847e-05,5.1423e-05,2.2194e-05,-2.9944e-05,-0.00010766
2.4939e-05,1.0532e-05,2.0144e-05,0.040021,-4.9826e-05,-4.1018e-05,-3.5695e-05,-9.0299e-05,4.0456e-05,-3.0087e-05,-4.6013e-05,3.5513e-05,0.00012989,-6.0503e-05,2.7927e-05,1.4987e-06,-1.6707e-05,0.00011371,4.6173e-06,4.2297e-05,-4.2439e-05,-2.9698e-05,-8.3813e-05,2.8768e-05,0.00010048,3.0813e-05,-0.00014276,8.2759e-07,-7.2179e-05,-2.0086e-05,3.8406e-05,-3.8178e-07,-6.2647e-05,3.6612e-05,-1.7242e-05,0.00011676,-7.9777e-05,-5.0539e-05,-4.5148e-05,5.1963e-05,-8.6669e-06,0.00013573,-2.7802e-05,-8.9225e-05,-2.7664e-05,-5.4776e-05,-6.247e-05,6.2774e-05,5.8708e-05,-5.818e-05,-8.6452e-06,-2.4234e-05,-1.4996e-05,7.6391e-05,-3.518e-05,2.779e-05,-5.6904e-05,6.8183e-05,4.358e-05,1.8698e-05,1.445e-05,-2.3835e-05,4.7902e-05,-0.0001305,7.7143e-05,6.786e-05,-0.00013224,-4.0421e-05,-5.9727e-05,6.6223e-05,2.8584e-06,-7.7314e-05,-2.2128e-05,0.00010356,5.4881e-05,-5.43e-05,2.5987e-05,-3.0802e-06,-3.2566e-05,0.00013003
7.1014e-05,-8.516e-05,-8.4462e-06,-4.9826e-05,0.040079,-8.5115e-05,9.8968e-05,-5.3873e-05,-3.0295e-05,-0.00012533,-7.3721e-05,9.2233e-06,-8.4549e-06,9.5852e-05,-3.0351e-05,-1.5082e-05,-0.00010052,5.202e-05,6.4022e-05,5.7495e-05,8.9528e-06,-8.4191e-05,3.5487e-05,1.1099e-05,9.6908e-05,8.5821e-06,3.0415e-05,0.00011577,-4.0017e-05,5.7112e-05,0.0001087,-3.3174e-05,4.4339e-06,5.498e-05,-1.5791e-05,-6.4525e-05,7.8452e-06,2.0939e-07,-3.0152e-05,-3.9073e-05,2.2641e-05,3.7948e-06,-6.2729e-05,-1.8997e-05,2.7456e-05,-3.2424e-05,1.3255e-05,5.2471e-07,7.9805e-05,-7.8836e-05,-8.9702e-06,-1.1622e-05,4.2248e-05,7.4279e-06,-4.3453e-05,-3.1809e-05,1.1969e-05,3.3583e-05,7.167e-05,3.1464e-05,6.1913e-05,-1.9146e-05,-5.7245e-05,3.0266e-05,-1.4766e-05,5.6956e-06,-6.5838e-05,-3.2817e-06,-2.6683e-05,0.00016485,9.2689e-05,-1.8125e-05,-4.4152e-05,2.3743e-06,-4.4385e-07,7.3991e-05,2.6691e-05,-6.0669e-05,2.2263e-05,1.4545e-05
-3.189e-06,3.6761e-05,-6.6888e-05,-4.1018e-05,-8.5115e-05,0.040108,6.0057e-05,-5.0376e-05,-3.7036e-06,-4.889e-05,-7.2738e-05,-4.4916e-05,-5.6502e-05,-7.8189e-06,-4.5304e-05,-3.7665e-05,-3.9862e-05,4.9761e-05,7.2785e-05,1.2197e-05,-0.00010345,-7.4669e-05,-8.613e-06,-5.8368e-05,8.96e-05,2.5317e-05,-5.0898e-05,7.7034e-05,-9.4812e-05,6.099e-05,-3.3848e-05,-6.4514e-07,-3.939e-05,1.1766e-06,-2.5025e-05,5.6595e-05,-5.6847e-05,3.1994e-05,1.4777e-05,6.1412e-05,1.5463e-05,1.433e-05,-5.9116e-05,-3.5466e-05,3.6239e-05,-3.9547e-05,1.9794e-05,-5.332e-06,8.4401e-05,-2.0979e-05,-2.3106e-05,2.3748e-05,3.4183e-05,5.7638e-06,-2.1172e-05,-5.265e-06,-1.6183e-06,-4.1334e-06,-1.2099e-05,-2.202e-06,5.2951e-05,-5.1334e-06,9.4798e-06,-2.2004e-05,-1.6047e-05,2.8118e-05,-3.5124e-05,2.4275e-05,-6.8716e-05,1.4127e-06,3.6208e-05,-3.064e-05,-5.5783e-06,2.2963e-05,6.5744e-05,9.4481e-05,1.7518e-05,-5.0315e-05,1.6134e-05,2.7106e-05
-6.0189e-05,7.8277e-05,6.9461e-05,-3.5695e-05,9.8968e-05,6.0057e-05,0.039928,8.5601e-05,1.6042e-05,0.00012359,4.9726e-05,-2.6834e-05,-1.1573e-05,-7.9838e-05,2.1302e-05,1.9603e-05,0.00010604,2.119e-05,-0.00014789,4.5016e-05,-5.8012e-05,-4.1257e-06,-2.7919e-05,0.00017477,-1.2355e-05,3.834e-05,3.534e-05,-8.6046e-05,-8.7104e-05,-0.00014119,-7.3418e-05,-2.7391e-05,3.6742e-05,-0.00014002,3.9691e-05,-3.3371e-05,5.8005e-05,-9.2221e-07,-3.5138e-06,-1.2283e-05,-0.00010837,-8.2392e-05,-6.5224e-05,-8.5416e-05,-9.2217e-05,8.3622e-05,-8.1292e-05,-3.11e-05,6.2828e-06,-2.3081e-05,-6.3539e-06,-5.096e-05,0.00010347,5.9908e-05,-0.00010906,-0.00010501,7.2405e-05,9.5115e-05,3.3771e-05,-5.5543e-05,-7.1859e-05,0.00011169,5.3044e-05,-2.6945e-05,8.6922e-05,-3.0658e-05,-6.4199e-05,5.038e-05,0.00010489,-0.00010616,-1.6946e-05,3.0804e-05,-0.00018339,-1.4019e-05,5.0683e-05,-0.00014194,7.9819e-05,5.2024e-05,0.00014441,-2.292e-05
2.1545e-05,-4.3844e-05,-1.8892e-05,-9.0299e-05,-5.3873e-05,-5.0376e-05,8.5601e-05,0.040061,2.7336e-05,-1.7342e-05,-8.4151e-05,-9.0871e-06,6.9615e-05,4.1244e-05,1.7969e-05,-5.2609e-05,-4.6901e-05,6.3812e-05,4.82e-05,1.3688e-05,-2.5514e-05,-2.0721e-05,1.8665e-05,5.8115e-05,-1.5627e-05,1.9766e-05,-4.8016e-05,0.0001095,2.1921e-05,0.00013014,7.2566e-05,-4.9068e-05,1.3352e-06,6.8924e-05,8.2388e-06,5.4913e-05,-1.1026e-05,2.2457e-05,-8.1584e-05,5.3531e-06,3.4382e-05,7.2561e-05,-8.1016e-06,-7.1993e-05,3.7509e-05,-0.00010491,1.1785e-06,3.6004e-05,8.5647e-06,-1.2189e-05,8.4057e-05,-3.4787e-06,1.8946e-05,-5.3085e-05,2.8925e-05,7.2836e-05,-1.8634e-05,-2.5209e-05,3.7297e-05,-8.7488e-06,-8.636e-06,6.9631e-06,-2.453e-05,-0.00010143,1.7946e-05,1.1818e-05,-7.2482e-05,-0.00010294,-0.00013419,8.155e-05,2.095e-05,-8.7778e-05,3.8362e-06,9.262e-05,-1.652e-05,1.7212e-06,4.8332e-05,4.773e-05,-7.7411e-05,9.3289e-05
1.9107e-05,-5.3681e-05,3.2073e-05,4.0456e-05,-3.0295e-05,-3.7036e-06,1.6042e-05,2.7336e-05,0.040028,-1.1127e-05,6.8403e-06,4.1255e-05,-3.7384e-05,-4.997e-05,-6.3803e-05,-7.2031e-05,5.9315e-07,-3.9506e-05,3.2647e-05,-4.95e-05,5.6996e-06,-0.00015229,-6.5785e-05,4.997e-05,6.0486e-05,5.1032e-05,0.00016553,-4.3123e-05,-2.4096e-05,8.7827e-06,3.9661e-05,4.5211e-05,2.6963e-06,-6.4667e-05,-1.2248e-05,-5.7691e-05,6.8067e-05,3.1306e-05,-4.8687e-05,-4.5788e-05,4.3975e-05,-8.6661e-05,9.0654e-05,-1.9615e-05,-3.7365e-06,6.8386e-05,2.5367e-05,-4.9299e-05,-5.869e-05,3.1515e-06,-1.0898e-05,-8.9425e-05,8.905e-05,-1.6356e-05,-4.7237e-05,1.9044e-05,-1.3386e-05,-2.2406e-05,-9.9262e-05,-6.68e-05,3.286e-05,-1.5718e-05,2.1259e-05,8.5811e-05,2.0109e-05,-0.00010013,0.00014805,-2.3937e-05,-1.5623e-05,-5.8364e-05,9.5868e-05,9.1361e-05,-2.5954e-05,-5.1631e-05,6.9924e-05,-1.388e-05,-8.5209e-06,-1.1778e-05,-1.9522e-05,-1.6014e-06
2.4072e-05,-9.4154e-05,-8.7142e-05,-3.0087e-05,-0.00012533,-4.889e-05,0.00012359,-1.7342e-05,-1.1127e-05,0.040055,1.4489e-05,-2.1116e-05,7.6958e-06,5.2956e-05,-4.9821e-05,-9.9545e-08,-8.9793e-05,2.845e-05,9.3605e-05,2.6334e-05,1.3598e-05,-1.6307e-06,-3.1818e-05,-3.5059e-05,4.4814e-05,-1.4862e-05,4.806e-06,-5.3649e-05,3.1895e-05,2.4945e-05,-2.4833e-05,1.4366e-05,3.6697e-05,4.5241e-05,-7.1078e-05,-6.7431e-06,-2.3444e-05,-1.9633e-05,1.5613e-05,-7.8399e-05,2.7533e-05,1.305e-05,2.7279e-05,0.00010839,8.676e-05,2.0257e-05,3.9834e-05,-3.3217e-05,8.0575e-07,-1.7789e-05,1.2985e-05,-4.9145e-05,-6.5801e-05,-7.0979e-05,-1.122e-05,1.6678e-05,-8.0984e-05,-5.7554e-05,-1.4146e-05,2.579e-05,9.7327e-05,4.947e-05,-5.1916e-06,-3.1861e-05,-1.5999e-05,3.0602e-05,5.5152e-05,-3.6558e-05,-9.5735e-05,8.6813e-05,0.00012931,-4.9372e-06,2.4373e-05,1.284e-06,6.286e-05,0.000103,3.1271e-06,-8.4138e-05,-4.9689e-05,-8.4811e-06
3.9828e-05,3.1866e-05,5.7044e-05,-4.6013e-05,-7.3721e-05,-7.2738e-05,4.9726e-05,-8.4151e-05,6.8403e-06,1.4489e-05,0.039947,2.0471e-05,-4.0087e-06,-3.6393e-06,-4.2322e-05,5.1566e-05,-7.3433e-07,3.8315e-06,2.8015e-05,-3.2442e-05,1.1671e-05,-4.6044e-05,-5.3649e-06,-7.7713e-06,5.3871e-05,1.3635e-05,-0.00011726,0.0001173,-7.8012e-06,9.9725e-05,0.0001612,-5.3474e-05,-6.9528e-05,-3.9423e-05,5.1459e-05,-7.1638e-05,-4.4556e-05,-4.1618e-06,6.8488e-05,0.00017889,-1.5121e-05,5.9908e-05,-3.3277e-05,-1.1509e-05,-3.608e-07,6.4812e-05,-3.5407e-05,-2.6863e-05,2.8225e-05,2.7612e-05,-6.047e-06,-5.7257e-05,-2.3973e-05,0.0001275,-2.8154e-05,-7.2445e-05,0.00010026,7.41e-05,6.0961e-05,0.00010464,1.4455e-05,-3.6177e-05,-5.2348e-05,2.7536e-05,7.2717e-05,-5.9413e-05,-4.3159e-05,4.2378e-06,-5.6012e-05,2.5218e-05,2.6435e-05,-8.2407e-05,-9.4498e-05,0.00011825,-0.00011316,4.3885e-05,2.1183e-05,3.3533e-05,-7.3544e-06,0.00013285
-8.1175e-05,6.8247e-05,-4.0908e-05,3.5513e-05,9.2233e-06,-4.4916e-05,-2.6834e-05,-9.0871e-06,4.1255e-05,-2.1116e-05,2.0471e-05,0.040045,8.2029e-05,-3.8973e-05,3.1257e-05,8.5401e-05,-1.3883e-05,4.6092e-05,3.2535e-05,-1.3688e-05,4.6477e-05,6.5334e-05,-5.5949e-05,-8.0576e-05,-8.1008e-05,1.2626e-05,-4.2121e-06,-8.6137e-06,-3.7892e-05,-7.3295e-05,-3.3624e-05,5.2516e-05,5.5943e-05,4.18e-05,6.8448e-05,9.9081e-05,7.4338e-05,-3.0502e-05,-7.3536e-05,3.6867e-05,-5.1558e-05,8.6901e-05,-6.3974e-05,-1.4374e-05,2.4915e-05,-1.996e-05,-3.0836e-05,8.9021e-05,-4.2882e-05,4.5345e-05,-4.6834e-05,-2.0534e-05,-1.505e-05,-2.6185e-05,7.0869e-05,2.7797e-05,-7.7796e-05,2.1686e-05,4.7915e-05,-1.2257e-06,4.2995e-05,6.2845e-05,4.7254e-06,-3.5378e-05,1.0423e-05,-2.3006e-05,-1.637e-05,-4.9693e-05,2.3986e-05,2.4459e-05,-2.7367e-06,-5.928e-07,-4.9351e-05,-2.9502e-05,-2.5055e-07,2.6167e-05,1.7649e-05,-1.5091e-05,6.377e-05,-6.1935e-05
6.5274e-06,-4.4875e-05,5.5905e-05,0.00012989,-8.4549e-06,-5.6502e-05,-1.1573e-05,6.9615e-05,-3.7384e-05,7.6958e-06,-4.0087e-06,8.2029e-05,0.039937,3.3635e-05,-9.5067e-05,-2.7126e-05,-1.7875e-05,-2.4835e-05,-6.1606e-05,1.775e-06,-8.5979e-05,-2.414e-05,8.5067e-05,5.1665e-05,-6.7307e-05,-3.5101e-05,0.00016556,-1.0727e-05,-8.8993e-05,7.9343e-05,5.1159e-05,4.0156e-06,2.0848e-05,-3.0406e-05,5.2204e-05,-9.08e-05,-5.0685e-06,5.7055e-05,1.6432e-06,-4.5167e-05,0.00012035,-0.0001447,2.593e-05,5.4838e-05,0.00010419,-1.2179e-05,-3.6731e-05,-5.5029e-05,0.00011327,-0.00013038,4.5473e-05,3.9406e-05,4.4473e-05,5.8232e-05,-6.4422e-05,-0.0001868,0.00013898,-3.3535e-05,-7.6907e-05,-6.5042e-05,-6.3884e-05,-0.00010568,-5.5687e-05,-8.1513e-05,-0.00010974,-2.9992e-06,4.0382e-05,0.00014554,-5.9265e-06,-9.6998e-05,7.4779e-05,-3.5279e-05,-5.0303e-05,-9.8028e-05,-9.5307e-05,6.5688e-05,4.3953e-06,9.3315e-05,7.4158e-06,2.9736e-06
-1.0551e-05,0.00014001,6.2126e-05,-6.0503e-05,9.5852e-05,-7.8189e-06,-7.9838e-05,4.1244e-05,-4.997e-05,5.2956e-05,-3.6393e-06,-3.8973e-05,3.3635e-05,0.040148,3.2079e-06,-1.6414e-05,4.2017e-05,8.9408e-05,5.0614e-06,4.3461e-05,-1.9493e-05,4.0774e-07,-4.8304e-05,6.2615e-05,-4.7776e-05,-7.647e-06,-6.6835e-05,-7.848e-05,-2.7359e-05,-7.5487e-05,3.462e-05,-3.7291e-05,-4.8938e-05,-1.2587e-05,1.2084e-05,7.9048e-05,4.0568e-05,2.0702e-05,-3.2842e-05,6.9966e-05,-3.3356e-05,3.0163e-05,1.0903e-05,-4.4584e-05,-4.0939e-05,-3.7274e-05,4.1259e-05,4.5455e-05,-1.964e-05,-2.9289e-06,-1.3896e-05,-3.7491e-05,5.8847e-05,5.8178e-06,-2.6427e-05,-1.9875e-05,-3.5991e-05,5.3538e-05,-6.0991e-05,-6.3835e-06,1.6817e-05,6.2952e-05,9.287e-05,-5.6537e-05,4.7434e-05,3.8914e-05,5.7734e-05,-3.7042e-05,2.4856e-05,-2.251e-05,-4.6223e-05,-3.1481e-05,-6.6918e-05,-3.0275e-06,3.5199e-05,-2.0346e-05,-1.0091e-05,6.8975e-05,-1.251e-05,3.4936e-05
2.1664e-05,1.9016e-05,5.2142e-05,2.7927e-05,-3.0351e-05,-4.5304e-05,2.1302e-05,1.7969e-05,-6.3803e-05,-4.9821e-05,-4.2322e-05,3.1257e-05,-9.5067e-05,3.2079e-06,0.040076,9.5027e-06,-4.8863e-05,-4.5487e-05,-2.7669e-05,-3.1677e-05,7.3978e-05,-0.00013211,-1.4114e-05,-7.4809e-05,2.9009e-05,-3.5018e-06,3.5237e-05,-6.6992e-06,1.4053e-05,0.00011984,1.5825e-05,-2.2032e-05,-5.2253e-05,-5.3459e-05,-5.064e-05,-6.4151e-06,-4.4368e-05,6.9133e-05,-2.9982e-05,1.4356e-05,-4.7781e-05,-3.4067e-05,-8.1249e-05,4.7761e-05,6.2904e-05,-1.4617e-05,2.5133e-05,1.343e-05,-3.0688e-06,-4.4032e-05,3.861e-05,-8.256e-06,-3.6404e-05,-5.9309e-05,-1.6377e-05,-9.1816e-05,8.9864e-05,-9.3972e-05,-3.6756e-05,-3.4313e-05,-0.00013321,-1.9511e-05,4.6061e-05,1.022e-05,-4.3073e-05,-1.4512e-06,0.0001327,2.5678e-05,5.115e-05,4.259e-05,7.186e-05,4.1427e-06,4.0497e-05,-1.2958e-05,4.6928e-05,1.0306e-05,-1.0414e-05,-2.2094e-05,6.8086e-05,1.6498e-05
4.5387e-05,7.1449e-06,2.6336e-05,1.4987e-06,-1.5082e-05,-3.7665e-05,1.9603e-05,-5.2609e-05,-7.2031e-05,-9.9545e-08,5.1566e-05,8.5401e-05,-2.7126e-05,-1.6414e-05,9.5027e-06,0.040086,-5.3899e-05,3.0435e-05,-3.891e-05,3.8508e-05,-6.919e-06,-6.761e-05,-1.0763e-05,0.00013106,6.4917e-05,-2.4749e-05,1.8794e-05,7.1166e-05,7.5847e-05,2.6295e-05,-1.4637e-05,-5.0689e-05,-3.0101e-06,2.0675e-05,-3.5201e-05,-2.476e-05,4.8763e-05,0.00011467,-4.6339e-05,-2.0264e-05,7.6621e-05,-2.1135e-05,6.635e-05,-1.3604e-05,-2.2551e-05,3.8023e-05,-1.3683e-05,3.6601e-06,2.9618e-05,-3.7232e-05,-4.2475e-05,1.166e-05,4.5187e-05,-8.4297e-06,-7.5646e-05,7.6933e-06,4.5717e-05,-2.9127e-05,-3.2734e-05,-8.5308e-05,1.3793e-05,-3.1882e-06,1.7119e-05,-1.1684e-06,-6.7939e-06,-1.0605e-05,7.7867e-05,1.0422e-05,-5.5732e-05,-2.9539e-05,-3.2927e-06,8.2572e-06,-7.6433e-05,-7.1353e-05,3.0884e-05,-3.8378e-05,7.8893e-05,-2.6379e-05,-2.1029e-05,5.4729e-06
2.278e-05,-4.1155e-07,3.42e-06,-1.6707e-05,-0.00010052,-3.9862e-05,0.00010604,-4.6901e-05,5.9315e-07,-8.9793e-05,-7.3433e-07,-1.3883e-05,-1.7875e-05,4.2017e-05,-4.8863e-05,-5.3899e-05,0.040124,-5.5825e-05,8.0615e-05,4.1555e-05,9.0667e-06,-9.6195e-07,-4.4886e-05,-1.9793e-05,8.9244e-05,-2.8999e-05,6.0097e-05,4.2795e-05,5.8194e-05,-1.1432e-05,7.8696e-05,-1.2409e-05,6.7783e-05,6.1824e-05,5.4385e-06,8.3322e-06,4.6718e-05,6.2437e-05,-5.1948e-05,-3.2115e-05,7.4374e-05,-2.7902e-05,-2.7271e-05,-2.1443e-06,2.1159e-05,-2.3301e-05,-2.4202e-05,-6.2751e-06,1.3529e-08,-2.4661e-05,7.3169e-05,5.0634e-05,2.4136e-05,-2.2123e-05,8.2727e-05,1.2818e-05,-1.435e-05,7.211e-05,-3.7151e-07,-6.8936e-05,0.00011018,3.3078e-05,4.3699e-05,-5.5744e-05,-2.6367e-05,-6.1866e-05,-3.676e-05,-2.149e-05,-8.4803e-05,3.3833e-05,2.5995e-05,-5.5868e-05,-1.0443e-05,-1.8948e-05,3.5574e-05,5.0017e-05,2.1279e-05,-3.9497e-05,-4.1663e-05,-2.9083e-05
6.8792e-05,2.8605e-05,1.843e-05,0.00011371,5.202e-05,4.9761e-05,2.119e-05,6.3812e-05,-3.9506e-05,2.845e-05,3.8315e-06,4.6092e-05,-2.4835e-05,8.9408e-05,-4.5487e-05,3.0435e-05,-5.5825e-05,0.03992,-7.5957e-05,-0.00013124,0.00012749,2.7234e-05,4.2629e-05,-0.00012287,-4.5114e-05,7.187e-05,9.8299e-05,6.022e-05,4.9146e-05,4.3543e-05,2.6289e-05,3.3545e-05,2.2224e-05,-9.1614e-05,6.4532e-06,-1.8845e-05,7.7431e-05,4.3226e-05,7.5099e-05,1.59e-05,5.792e-05,-5.2593e-05,-1.8448e-05,5.0209e-05,0.00010794,5.7093e-05,6.424e-06,5.2029e-05,4.7733e-06,3.1949e-05,7.4944e-05,0.00010209,-5.89e-06,-4.2461e-05,-9.7954e-06,-1.2481e-05,-1.8377e-05,7.0892e-05,-4.8892e-05,-1.6265e-05,-5.0123e-05,-4.8535e-05,9.1638e-05,9.0405e-05,4.6103e-05,-1.7028e-05,4.5807e-05,9.4688e-06,4.9114e-05,-1.5108e-05,5.1383e-05,-4.2191e-05,5.2277e-05,6.584e-05,7.1872e-05,0.00012397,-7.1592e-05,-5.967e-05,5.5121e-05,-9.4117e-06
1.0401e-05,4.8637e-06,0.00010826,4.6173e-06,6.4022e-05,7.2785e-05,-0.00014789,4.82e-05,3.2647e-05,9.3605e-05,2.8015e-05,3.2535e-05,-6.1606e-05,5.0614e-06,-2.7669e-05,-3.891e-05,8.0615e-05,-7.5957e-05,0.04001,-3.0862e-06,3.6495e-05,-1.732e-05,1.8661e-05,2.2291e-05,-0.00015535,4.4424e-05,7.7349e-05,-6.4845e-05,-1.5696e-05,5.0333e-05,-8.4824e-05,2.3552e-05,-4.3789e-05,-8.3492e-05,6.333e-05,-3.503e-05,1.9033e-06,2.8467e-05,-2.6937e-05,-3.8148e-05,-1.6496e-05,-9.7156e-05,1.6616e-05,-5.9537e-05,-9.6186e-05,2.2761e-05,-4.7481e-05,3.3985e-05,6.9362e-06,-4.4221e-05,4.2829e-05,6.8425e-06,8.2503e-06,7.2749e-06,-0.00015155,-6.746e-05,0.00013125,1.6199e-05,5.0685e-05,-5.4581e-05,-0.00014462,-6.297e-05,5.7069e-05,8.8513e-05,-4.5314e-05,3.2579e-05,4.8307e-06,9.2145e-05,7.3849e-05,-5.3207e-05,-4.4652e-06,5.2439e-05,-6.6695e-05,-1.7233e-06,-6.4444e-05,-7.7113e-05,2.6314e-05,4.0256e-05,8.0102e-05,2.4627e-05
-2.1322e-05,-1.714e-05,1.3475e-05,4.2297e-05,5.7495e-05,1.2197e-05,4.5016e-05,1.3688e-05,-4.95e-05,2.6334e-05,-3.2442e-05,-1.3688e-05,1.775e-06,4.3461e-05,-3.1677e-05,3.8508e-05,4.1555e-05,-0.00013124,-3.0862e-06,0.040068,3.9993e-05,2.3693e-05,-2.4795e-05,-6.2789e-05,-1.2598e-05,4.4738e-05,6.7288e-05,1.2051e-05,7.5716e-05,-9.1018e-06,5.7289e-05,1.104e-05,-1.2777e-05,-8.1095e-05,4.3062e-05,-3.5781e-07,-6.43e-05,6.028e-05,3.1278e-05,1.7864e-05,6.235e-05,-5.0245e-05,7.1203e-05,-5.6808e-05,1.5755e-05,3.9355e-05,9.6842e-05,-4.4748e-05,-0.00013493,0.00010467,-8.2671e-05,-2.185e-05,1.57e-06,1.5345e-06,-2.2287e-05,-2.6703e-05,3.9992e-05,5.9137e-05,-4.498e-05,-3.4174e-05,3.3958e-06,-5.5688e-06,-3.537e-05,7.5162e-05,-4.1599e-05,-9.8375e-05,1.4056e-05,-2.7496e-05,-3.535e-05,4.1036e-05,-4.996e-05,1.5648e-06,2.968e-05,6.4094e-05,-3.0104e-05,2.3223e-05,-9.4686e-05,0.00011604,-3.2493e-05,4.7178e-05
4.2638e-05,-1.6759e-05,-9.7186e-05,-4.2439e-05,8.9528e-06,-0.00010345,-5.8012e-05,-2.5514e-05,5.6996e-06,1.3598e-05,1.1671e-05,4.6477e-05,-8.5979e-05,-1.9493e-05,7.3978e-05,-6.919e-06,9.0667e-06,0.00012749,3.6495e-05,3.9993e-05,0.039949,3.2761e-05,6.6108e-06,0.00010391,5.1542e-05,2.136e-05,-5.9078e-05,6.0804e-06,-3.4857e-05,-6.4283e-05,-5.9506e-06,-4.9804e-05,2.9029e-05,1.4059e-05,-1.9571e-05,3.3166e-06,-8.4737e-05,-2.6666e-05,-5.8887e-05,5.3066e-05,3.0466e-05,-0.00010153,0.00010474,-0.00011445,-2.4709e-05,-4.0361e-05,3.1314e-05,-1.4462e-05,-2.6317e-05,-3.2714e-05,-5.1502e-05,-5.7172e-05,0.00010739,4.3896e-05,-4.8864e-06,-1.4736e-05,-6.3101e-05,9.0182e-06,3.1931e-05,4.5497e-05,0.00014736,-8.3006e-05,-5.7244e-05,-9.7466e-05,-5.6384e-05,4.5595e-05,-0.00012187,1.2748e-05,-0.00010529,-4.3014e-05,-2.4114e-05,-7.1599e-05,-1.697e-05,2.6882e-05,-4.546e-05,-4.38e-05,9.2351e-05,6.1257e-05,-7.0509e-05,8.302e-06
3.8642e-05,-5.5161e-06,9.2731e-05,-2.9698e-05,-8.4191e-05,-7.4669e-05,-4.1257e-06,-2.0721e-05,-0.00015229,-1.6307e-06,-4.6044e-05,6.5334e-05,-2.414e-05,4.0774e-07,-0.00013211,-6.761e-05,-9.6195e-07,2.7234e-05,-1.732e-05,2.3693e-05,3.2761e-05,0.040063,-3.2217e-05,-1.0325e-06,6.5064e-05,-2.23e-05,7.6965e-05,5.1296e-05,-9.1618e-05,5.6202e-05,3.9652e-05,-3.3824e-05,-7.0781e-05,-2.8939e-05,-2.8344e-05,-7.4674e-06,-2.0723e-05,4.4312e-05,5.3654e-05,-7.3392e-05,1.0075e-05,-9.0794e-06,-3.3543e-05,3.6e-06,-2.6949e-05,-1.0236e-06,-6.2121e-06,-6.6122e-05,2.4502e-05,-7.4099e-05,-4.9521e-05,-5.1439e-05,4.4736e-05,-3.3738e-05,-4.9989e-05,-3.6875e-05,0.00010635,-7.8184e-05,-5.4915e-05,-9.0022e-05,-5.5982e-05,-3.9058e-05,1.1584e-06,1.1967e-06,-1.7565e-05,-7.4876e-05,7.5883e-05,-6.5923e-06,-3.5654e-06,-6.8705e-05,7.9552e-05,8.4069e-05,-4.68e-05,-2.9676e-05,3.0574e-05,1.9782e-06,3.6287e-05,-1.6937e-05,0.00010164,2.444e-05
-1.4688e-05,2.9719e-05,-8.2729e-05,-8.3813e-05,3.5487e-05,-8.613e-06,-2.7919e-05,1.8665e-05,-6.5785e-05,-3.1818e-05,-5.3649e-06,-5.5949e-05,8.5067e-05,-4.8304e-05,-1.4114e-05,-1.0763e-05,-4.4886e-05,4.2629e-05,1.8661e-05,-2.4795e-05,6.6108e-06,-3.2217e-05,0.040114,-5.559e-05,7.8704e-05,-4.7767e-05,3.2543e-05,-3.4146e-05,5.5643e-07,-5.9092e-05,4.0645e-05,-6.5161e-05,4.4898e-05,-8.4055e-05,-2.2803e-05,5.4873e-06,-3.0595e-05,7.5873e-06,2.2748e-05,2.4246e-05,-3.2547e-05,6.6138e-05,3.4992e-05,-0.00011729,-7.7814e-05,-9.299e-06,2.3796e-05,-3.5039e-05,-3.4052e-05,7.7592e-05,-4.9104e-05,2.0156e-05,0.00012086,2.0919e-06,2.8639e-05,-1.6034e-05,1.9037e-05,5.1633e-05,-4.7763e-05,-7.1915e-05,7.7281e-05,9.6797e-05,7.9829e-05,4.5345e-05,9.9583e-05,-9.6397e-05,2.1722e-05,-2.7429e-05,-1.721e-05,-1.2104e-05,1.1095e-05,2.6074e-05,-1.8518e-05,-3.9024e-06,5.7914e-06,-5.1485e-05,-1.5837e-05,-2.5195e-06,-2.635e-05,1.4141e-05
-3.0847e-05,3.5064e-05,-3.8306e-05,2.8768e-05,1.1099e-05,-5.8368e-05,0.00017477,5.8115e-05,4.997e-05,-3.5059e-05,-7.7713e-06,-8.0576e-05,5.1665e-05,6.2615e-05,-7.4809e-05,0.00013106,-1.9793e-05,-0.00012287,2.2291e-05,-6.2789e-05,0.00010391,-1.0325e-06,-5.559e-05,0.039985,-7.3143e-06,-7.2452e-05,3.2644e-06,-4.1654e-05,-7.5789e-06,7.1326e-05,-1.8003e-05,8.4141e-05,-5.1142e-06,-1.0028e-05,-4.3964e-06,5.7943e-05,-2.1441e-05,-2.4688e-05,5.3207e-05,4.8964e-05,-4.483e-05,0.00010698,2.1154e-05,1.8052e-05,6.0219e-05,-6.6825e-05,4.6226e-05,4.7245e-05,1.2243e-05,4.8035e-05,5.9948e-07,5.6559e-05,-7.4725e-05,-1.2389e-05,4.7531e-05,-5.9996e-06,-3.5593e-05,3.103e-05,-4.4192e-06,7.3952e-05,-4.3825e-05,-6.6783e-05,3.1687e-05,9.6178e-05,-8.3156e-06,2.1086e-05,-3.224e-05,-2.3974e-05,5.4895e-05,1.0594e-05,2.74e-05,8.4919e-06,0.00012911,5.9887e-05,-3.3735e-05,7.0259e-05,-0.00011854,-5.5602e-05,-6.3204e-06,1.1711e-06
-4.4632e-06,-2.8842e-05,1.025e-05,0.00010048,9.6908e-05,8.96e-05,-1.2355e-05,-1.5627e-05,6.0486e-05,4.4814e-05,5.3871e-05,-8.1008e-05,-6.7307e-05,-4.7776e-05,2.9009e-05,6.4917e-05,8.9244e-05,-4.5114e-05,-0.00015535,-1.2598e-05,5.1542e-05,6.5064e-05,7.8704e-05,-7.3143e-06,0.039952,-2.035e-05,9.4119e-05,-1.4123e-05,-2.362e-05,0.00011307,-0.00010799,-1.3517e-05,-2.3614e-05,-3.8493e-05,8.6512e-05,3.4533e-05,5.0106e-05,-2.21e-05,-4.9559e-06,-1.6819e-05,1.2265e-05,1.2997e-05,-1.1974e-05,5.332e-05,4.5865e-05,2.4185e-05,-2.177e-05,1.4835e-05,1.8105e-06,5.6887e-05,5.8523e-05,3.8505e-06,1.5537e-06,-2.2384e-05,-0.00014483,-1.1499e-05,-3.9405e-05,-7.3618e-05,2.6529e-05,1.6543e-06,-0.00015775,-7.0797e-05,-2.879e-06,3.4217e-06,-8.3135e-05,3.7045e-05,5.3144e-05,-2.5069e-05,3.4732e-05,-3.6163e-05,-1.7386e-05,1.0695e-05,-2.7828e-05,2.1416e-05,-8.7952e-05,1.8603e-05,-6.4423e-05,6.0413e-05,-3.5463e-06,-2.1476e-05
2.4644e-05,5.9185e-05,1.2161e-05,3.0813e-05,8.5821e-06,2.5317e-05,3.834e-05,1.9766e-05,5.1032e-05,-1.4862e-05,1.3635e-05,1.2626e-05,-3.5101e-05,-7.647e-06,-3.5018e-06,-2.4749e-05,-2.8999e-05,7.187e-05,4.4424e-05,4.4738e-05,2.136e-05,-2.23e-05,-4.7767e-05,-7.2452e-05,-2.035e-05,0.040003,-8.0824e-05,-6.2939e-05,3.0549e-05,-7.4137e-05,4.3879e-06,6.3945e-05,5.6515e-05,-3.5699e-05,-1.8761e-05,-1.4609e-05,5.7817e-05,8.6613e-05,-6.7161e-06,-2.8476e-05,8.112e-05,-3.662e-05,1.1834e-05,2.8551e-05,3.9318e-05,-9.7426e-05,4.7497e-05,-2.9298e-05,2.3415e-05,-7.7949e-05,2.932e-05,0.00011726,-2.6264e-05,-3.6725e-05,3.2255e-06,3.2577e-05,4.2181e-05,-3.3133e-05,-1.844e-05,-1.8123e-05,-3.7575e-05,4.7002e-06,4.66e-05,1.0256e-05,-6.0046e-05,2.6396e-05,4.4887e-05,2.4717e-05,3.8317e-05,-3.2988e-05,-4.4645e-05,-1.5252e-05,7.0529e-05,1.6337e-05,-2.0584e-05,5.9761e-05,2.0561e-05,8.5087e-06,-9.2003e-05,-1.1319e-05
5.0808e-05,0.00017992,-0.00012102,-0.00014276,3.0415e-05,-5.0898e-05,3.534e-05,-4.8016e-05,0.00016553,4.806e-06,-0.00011726,-4.2121e-06,0.00016556,-6.6835e-05,3.5237e-05,1.8794e-05,6.0097e-05,9.8299e-05,7.7349e-05,6.7288e-05,-5.9078e-05,7.6965e-05,3.2543e-05,3.2644e-06,9.4119e-05,-8.0824e-05,0.039832,9.6583e-05,7.2659e-06,-4.9382e-05,-9.0866e-05,-3.0419e-05,-4.1329e-05,0.0001004,-8.7381e-05,5.7239e-05,-0.00015599,6.7334e-07,5.1167e-05,0.00013036,3.534e-05,8.4462e-05,-4.6509e-05,-5.3073e-05,-8.4604e-06,-1.5438e-05,5.089e-05,4.7786e-05,-4.6486e-07,-6.5119e-05,-1.8929e-05,-4.8815e-05,-0.00013659,1.7585e-05,8.6281e-05,0.00015433,-1.5821e-05,-2.1778e-05,9.173e-05,0.00014109,1.9556e-05,5.6021e-05,4.1743e-05,-8.2872e-05,7.4858e-05,0.00016465,-5.6307e-05,-1.3104e-05,1.4289e-05,0.00010639,-7.6856e-05,-9.8628e-05,9.1907e-05,1.3358e-05,-2.9469e-05,6.5087e-05,8.5405e-05,2.9214e-05,8.2372e-07,2.0505e-06
9.6794e-05,-1.9439e-05,-5.6385e-06,8.2759e-07,0.00011577,7.7034e-05,-8.6046e-05,0.0001095,-4.3123e-05,-5.3649e-05,0.0001173,-8.6137e-06,-1.0727e-05,-7.848e-05,-6.6992e-06,7.1166e-05,4.2795e-05,6.022e-05,-6.4845e-05,1.2051e-05,6.0804e-06,5.1296e-05,-3.4146e-05,-4.1654e-05,-1.4123e-05,-6.2939e-05,9.6583e-05,0.039956,1.8423e-05,-0.0001639,-3.2952e-05,9.6834e-05,2.9806e-05,-0.0001073,-5.6699e-05,6.7548e-05,1.7628e-05,-5.6042e-05,-2.0242e-05,-6.4455e-05,8.5593e-07,-8.6664e-05,0.00013731,1.5036e-05,9.7072e-06,-5.5712e-05,1.102e-06,3.426e-05,-1.7995e-05,-1.7443e-06,1.0513e-05,4.3862e-05,-6.4037e-06,-3.7546e-05,4.6805e-07,-1.3506e-05,-0.00013056,-1.3994e-05,-0.00011554,-7.945e-05,3.2026e-06,8.267e-05,0.00011705,2.8886e-05,-1.7629e-05,1.8454e-05,1.0202e-05,3.8233e-06,-3.3841e-05,-5.582e-05,4.9959e-05,3.4781e-05,4.1732e-05,4.4966e-05,-1.274e-05,-9.042e-05,-8.546e-05,5.1452e-05,-7.7166e-05,-3.219e-05
-8.0664e-05,-5.8919e-05,3.1827e-06,-7.2179e-05,-4.0017e-05,-9.4812e-05,-8.7104e-05,2.1921e-05,-2.4096e-05,3.1895e-05,-7.8012e-06,-3.7892e-05,-8.8993e-05,-2.7359e-05,1.4053e-05,7.5847e-05,5.8194e-05,4.9146e-05,-1.5696e-05,7.5716e-05,-3.4857e-05,-9.1618e-05,5.5643e-07,-7.5789e-06,-2.362e-05,3.0549e-05,7.2659e-06,1.8423e-05,0.040007,0.00015003,-9.03e-05,-0.00010828,-4.4231e-05,2.4952e-05,-6.405e-06,8.1789e-05,1.3676e-05,-9.6747e-05,2.7836e-05,3.6728e-05,4.934e-06,0.00012193,-6.3796e-05,-1.0016e-05,2.3899e-05,-2.3165e-05,-0.000127,3.101e-05,0.0001431,-5.8159e-05,4.2746e-05,-6.9301e-06,8.6163e-05,4.8086e-05,-1.8006e-05,1.636e-06,-6.6469e-05,-5.3295e-05,-4.0642e-05,-1.4163e-05,-3.2433e-06,-1.6696e-05,4.3101e-06,-0.00011926,1.7812e-05,-8.0587e-06,-7.1246e-05,5.3983e-05,6.7063e-05,-0.0001258,8.7184e-05,-4.2008e-05,-7.1577e-05,-1.3146e-05,-1.2884e-05,5.4127e-06,0.00014334,-4.018e-05,5.3176e-05,4.5425e-05
-3.3459e-06,0.00017051,-4.337e-05,-2.0086e-05,5.7112e-05,6.099e-05,-0.00014119,0.00013014,8.7827e-06,2.4945e-05,9.9725e-05,-7.3295e-05,7.9343e-05,-7.5487e-05,0.00011984,2.6295e-05,-1.1432e-05,4.3543e-05,5.0333e-05,-9.1018e-06,-6.4283e-05,5.6202e-05,-5.9092e-05,7.1326e-05,0.00011307,-7.4137e-05,-4.9382e-05,-0.0001639,0.00015003,0.039741,7.4811e-05,7.7318e-05,0.000159,-1.1105e-05,4.8666e-05,5.0537e-05,3.3579e-05,1.3611e-05,7.4901e-05,-2.0495e-05,-6.648e-06,-0.00011705,3.8591e-05,-4.1235e-05,-0.00011425,-5.1236e-07,5.523e-05,-4.4904e-05,-0.00012276,-8.6823e-06,-0.0001583,3.8702e-05,1.4678e-05,4.8239e-05,9.021e-05,2.5784e-05,-2.4423e-05,0.00011241,-8.1405e-05,-2.5584e-05,0.000192,0.00013988,1.5714e-05,1.2869e-05,0.00010089,-1.6922e-05,-0.00010471,-1.5428e-05,-7.3415e-05,-2.6897e-05,-0.00013037,7.4674e-05,3.5344e-05,5.1992e-05,-1.4136e-05,-1.4694e-05,4.4556e-05,0.0001192,2.2903e-05,-0.00013194
-6.1555e-05,-5.1691e-05,-0.000172,3.8406e-05,0.0001087,-3.3848e-05,-7.3418e-05,7.2566e-05,3.9661e-05,-2.4833e-05,0.0001612,-3.3624e-05,5.1159e-05,3.462e-05,1.5825e-05,-1.4637e-05,7.8696e-05,2.6289e-05,-8.4824e-05,5.7289e-05,-5.9506e-06,3.9652e-05,4.0645e-05,-1.8003e-05,-0.00010799,4.3879e-06,-9.0866e-05,-3.2952e-05,-9.03e-05,7.4811e-05,0.039903,-7.9946e-05,-2.8156e-05,-1.2917e-05,-0.00011596,6.8466e-05,-4.1072e-05,8.3766e-06,-3.8018e-06,-2.4285e-05,-5.7017e-05,2.2334e-07,4.2104e-05,1.3861e-05,7.6144e-05,2.1468e-05,5.0246e-05,3.1469e-06,-0.00010258,-7.6002e-06,7.1366e-05,-2.2052e-05,-1.8195e-05,-7.5397e-05,-4.2478e-06,0.00013443,-3.6563e-05,-0.00016271,4.2828e-05,-2.605e-05,-3.9487e-05,5.94e-05,7.981e-05,-5.6908e-05,-0.00014403,0.00010593,6.261e-05,2.3429e-05,0.00010896,-0.00013247,5.011e-05,0.00012046,0.00015819,-8.9992e-05,8.4348e-05,7.2738e-06,6.027e-05,-0.000119,0.00013011,-7.6065e-05
-8.7697e-05,-3.1618e-05,-8.9016e-05,-3.8178e-07,-3.3174e-05,-6.4514e-07,-2.7391e-05,-4.9068e-05,4.5211e-05,1.4366e-05,-5.3474e-05,5.2516e-05,4.0156e-06,-3.7291e-05,-2.2032e-05,-5.0689e-05,-1.2409e-05,3.3545e-05,2.3552e-05,1.104e-05,-4.9804e-05,-3.3824e-05,-6.5161e-05,8.4141e-05,-1.3517e-05,6.3945e-05,-3.0419e-05,9.6834e-05,-0.00010828,7.7318e-05,-7.9946e-05,0.039981,2.2918e-05,1.8349e-05,-2.3547e-05,-4.52e-05,-8.5102e-05,-4.0944e-05,3.6894e-05,5.1824e-05,-6.706e-05,3.2514e-05,-5.5946e-05,-0.00013582,-0.00014044,4.4471e-05,6.5874e-05,-4.984e-05,-1.3599e-05,2.8522e-05,-4.3037e-05,-4.8087e-05,8.9741e-05,-7.2447e-06,4.8589e-05,5.2187e-05,-8.5742e-06,-4.6722e-05,-8.7616e-06,-6.9446e-05,9.5879e-05,7.8364e-05,2.8468e-05,-5.7109e-05,0.00010951,-4.0708e-05,1.0285e-05,-1.7664e-05,4.2179e-06,-3.2123e-06,-4.5348e-05,-1.9588e-05,2.144e-05,-5.8766e-05,-0.0001069,-6.7458e-05,0.0001906,-1.7195e-05,0.00010834,1.3877e-05
-3.4436e-05,-7.2617e-07,-7.3324e-06,-6.2647e-05,4.4339e-06,-3.939e-05,3.6742e-05,1.3352e-06,2.6963e-06,3.6697e-05,-6.9528e-05,5.5943e-05,2.0848e-05,-4.8938e-05,-5.2253e-05,-3.0101e-06,6.7783e-05,2.2224e-05,-4.3789e-05,-1.2777e-05,2.9029e-05,-7.0781e-05,4.4898e-05,-5.1142e-06,-2.3614e-05,5.6515e-05,-4.1329e-05,2.9806e-05,-4.4231e-05,0.000159,-2.8156e-05,2.2918e-05,0.040115,2.5124e-05,-2.6292e-05,5.1973e-06,-5.8016e-05,-5.7752e-05,1.7068e-05,3.9279e-05,-3.9577e-05,0.00013987,-4.8434e-05,6.1537e-05,6.6746e-05,-4.2206e-05,8.2623e-06,4.0037e-05,3.6417e-05,1.0383e-05,-4.7403e-05,2.6576e-06,-7.8065e-05,4.532e-05,-6.7511e-05,-1.2912e-05,6.3658e-05,-2.8208e-05,4.1408e-05,9.9875e-05,-0.00014511,-7.9334e-05,-5.2457e-05,4.0494e-05,-2.3682e-05,6.2687e-06,7.961e-05,-5.3598e-05,5.3111e-05,-3.4583e-05,-3.9627e-05,4.0587e-05,-4.8435e-05,7.455e-06,2.8104e-05,-4.5562e-06,-4.4789e-05,-2.1253e-05,1.0872e-05,9.1031e-05
0.00010203,1.5215e-05,0.00012266,3.6612e-05,5.498e-05,1.1766e-06,-0.00014002,6.8924e-05,-6.4667e-05,4.5241e-05,-3.9423e-05,4.18e-05,-3.0406e-05,-1.2587e-05,-5.3459e-05,2.0675e-05,6.1824e-05,-9.1614e-05,-8.3492e-05,-8.1095e-05,1.4059e-05,-2.8939e-05,-8.4055e-05,-1.0028e-05,-3.8493e-05,-3.5699e-05,0.0001004,-0.0001073,2.4952e-05,-1.1105e-05,-1.2917e-05,1.8349e-05,2.5124e-05,0.040109,-3.6335e-06,-7.4827e-05,7.2464e-05,6.3335e-05,6.4582e-05,-5.2942e-06,2.1715e-06,-6.8939e-05,4.2604e-05,-4.5779e-05,-6.1508e-05,8.0713e-05,1.6668e-05,-2.2768e-05,1.1148e-05,5.7717e-05,-7.4329e-06,2.6674e-05,9.1525e-05,3.2786e-05,-9.9571e-05,-0.00015611,3.004e-06,5.893e-05,-3.5983e-05,-4.7663e-05,-8.3052e-05,7.0254e-05,7.7142e-05,9.2632e-05,4.5479e-05,-3.4512e-05,1.4344e-05,2.7152e-05,1.57e-05,-2.4586e-05,2.9245e-05,-4.8076e-06,9.8854e-06,-2.8182e-06,-1.6592e-05,-1.3544e-05,-8.043e-05,4.0133e-05,1.899e-05,2.712e-05
6.0785e-05,1.8098e-05,-0.00013578,-1.7242e-05,-1.5791e-05,-2.5025e-05,3.9691e-05,8.2388e-06,-1.2248e-05,-7.1078e-05,5.1459e-05,6.8448e-05,5.2204e-05,1.2084e-05,-5.064e-05,-3.5201e-05,5.4385e-06,6.4532e-06,6.333e-05,4.3062e-05,-1.9571e-05,-2.8344e-05,-2.2803e-05,-4.3964e-06,8.6512e-05,-1.8761e-05,-8.7381e-05,-5.6699e-05,-6.405e-06,4.8666e-05,-0.00011596,-2.3547e-05,-2.6292e-05,-3.6335e-06,0.040077,3.4839e-05,-7.1731e-05,2.3529e-05,6.3654e-05,-9.9661e-06,-2.6262e-05,4.0748e-05,7.8462e-05,5.4358e-06,5.52e-05,-1.1672e-05,6.5785e-05,5.9853e-06,-1.5588e-05,-2.3959e-05,4.6645e-05,2.5726e-05,-3.8693e-05,-9.0395e-05,0.00010698,5.5933e-05,-3.3166e-05,-7.5945e-05,-3.6515e-05,-8.386e-06,6.6327e-05,-5.0542e-06,0.00010446,-5.326e-05,-5.4899e-05,9.135e-05,0.00014877,-2.3148e-05,9.0129e-06,4.6148e-06,6.2926e-05,-3.1031e-05,0.00018608,-8.4328e-05,7.8162e-05,3.8871e-05,1.2425e-05,-0.00012282,1.8155e-05,-4.5862e-05
4.4846e-05,-6.8778e-05,0.00010152,0.00011676,-6.4525e-05,5.6595e-05,-3.3371e-05,5.4913e-05,-5.7691e-05,-6.7431e-06,-7.1638e-05,9.9081e-05,-9.08e-05,7.9048e-05,-6.4151e-06,-2.476e-05,8.3322e-06,-1.8845e-05,-3.503e-05,-3.5781e-07,3.3166e-06,-7.4674e-06,5.4873e-06,5.7943e-05,3.4533e-05,-1.4609e-05,5.7239e-05,6.7548e-05,8.1789e-05,5.0537e-05,6.8466e-05,-4.52e-05,5.1973e-06,-7.4827e-05,3.4839e-05,0.040101,7.2969e-05,3.848e-05,7.4187e-05,-9.6909e-06,1.0439e-05,-3.0305e-05,9.2594e-06,7.8131e-05,-5.7924e-05,9.6234e-05,1.5939e-05,-7.9542e-05,-5.5046e-06,-1.896e-05,-3.6909e-05,-4.4238e-05,1.4709e-05,3.6712e-05,-7.5559e-05,-0.00010264,8.7582e-05,1.2071e-05,3.0568e-05,1.889e-05,9.0316e-06,2.1582e-05,-5.2438e-05,0.00012024,4.0188e-05,-5.5733e-05,2.8728e-05,8.2764e-05,2.4667e-06,-1.2483e-05,1.3751e-05,2.2104e-05,-1.1268e-06,-7.2247e-05,-0.00010279,-2.545e-05,-6.0178e-05,-1.683e-05,4.0454e-05,2.4238e-05
-2.5272e-05,-4.6693e-05,-0.00022368,-7.9777e-05,7.8452e-06,-5.6847e-05,5.8005e-05,-1.1026e-05,6.8067e-05,-2.3444e-05,-4.4556e-05,7.4338e-05,-5.0685e-06,4.0568e-05,-4.4368e-05,4.8763e-05,4.6718e-05,7.7431e-05,1.9033e-06,-6.43e-05,-8.4737e-05,-2.0723e-05,-3.0595e-05,-2.1441e-05,5.0106e-05,5.7817e-05,-0.00015599,1.7628e-05,1.3676e-05,3.3579e-05,-4.1072e-05,-8.5102e-05,-5.8016e-05,7.2464e-05,-7.1731e-05,7.2969e-05,0.04005,4.2239e-06,-6.6783e-06,8.6235e-06,-1.5184e-05,3.5885e-06,-3.4778e-05,-7.258e-05,4.7854e-05,-2.4715e-05,4.1678e-05,-6.043e-05,-1.4671e-05,9.7634e-06,-9.1468e-05,-4.6083e-05,-6.593e-05,4.0433e-05,5.9954e-05,6.294e-05,0.00010545,-5.7816e-05,6.3706e-05,8.2825e-06,-8.5406e-06,-8.4857e-05,-5.4398e-05,-5.7652e-05,-8.137e-05,5.8541e-05,-2.7088e-05,-4.3587e-05,-5.8485e-05,7.7059e-05,-3.1613e-05,4.5639e-05,0.00012494,3.8695e-05,-5.1098e-05,-2.1189e-05,2.2397e-05,5.2479e-05,2.7991e-05,3.9456e-05
-3.0582e-05,-5.0113e-05,-4.4851e-05,-5.0539e-05,2.0939e-07,3.1994e-05,-9.2221e-07,2.2457e-05,3.1306e-05,-1.9633e-05,-4.1618e-06,-3.0502e-05,5.7055e-05,2.0702e-05,6.9133e-05,0.00011467,6.2437e-05,4.3226e-05,2.8467e-05,6.028e-05,-2.6666e-05,4.4312e-05,7.5873e-06,-2.4688e-05,-2.21e-05,8.6613e-05,6.7334e-07,-5.6042e-05,-9.6747e-05,1.3611e-05,8.3766e-06,-4.0944e-05,-5.7752e-05,6.3335e-05,2.3529e-05,3.848e-05,4.2239e-06,0.040092,4.6184e-06,1.4011e-05,-9.0953e-05,9.7373e-05,-6.2777e-05,-1.5115e-06,-4.9782e-05,-1.1698e-05,-7.8051e-05,5.5766e-05,4.3697e-05,4.4216e-05,-6.76e-05,-2.1404e-05,-9.5069e-05,1.1383e-05,1.1825e-05,1.9241e-05,-5.7015e-05,-1.3112e-05,3.5658e-05,8.3335e-05,-1.0648e-05,-2.1893e-05,-3.6787e-05,3.7422e-05,7.8078e-05,-3.8992e-05,-0.00012462,2.244e-05,-1.8694e-05,-2.0151e-05,-4.6366e-05,9.4465e-05,-6.5837e-05,-2.3878e-05,-5.6397e-05,-4.194e-05,2.0632e-05,-3.4299e-05,2.3746e-05,8.2564e-06
-5.2061e-05,-2.4001e-05,-2.6415e-07,-4.5148e-05,-3.0152e-05,1.4777e-05,-3.5138e-06,-8.1584e-05,-4.8687e-05,1.5613e-05,6.8488e-05,-7.3536e-05,1.6432e-06,-3.2842e-05,-2.9982e-05,-4.6339e-05,-5.1948e-05,7.5099e-05,-2.6937e-05,3.1278e-05,-5.8887e-05,5.3654e-05,2.2748e-05,5.3207e-05,-4.9559e-06,-6.7161e-06,5.1167e-05,-2.0242e-05,2.7836e-05,7.4901e-05,-3.8018e-06,3.6894e-05,1.7068e-05,6.4582e-05,6.3654e-05,7.4187e-05,-6.6783e-06,4.6184e-06,0.040047,-1.6838e-05,-3.1009e-05,-2.8619e-05,-1.2713e-05,-5.553e-05,-1.667e-06,-9.98e-05,-1.3061e-05,0.00010379,-6.7658e-05,-7.9325e-05,3.7954e-05,-7.2411e-05,7.459e-06,-2.2449e-05,-3.0418e-05,2.2261e-05,5.4486e-05,7.3484e-06,1.8028e-09,-4.8743e-05,3.7918e-06,-1.0948e-05,-1.6511e-05,-4.1243e-05,-0.00012705,3.2794e-05,5.4821e-05,-5.9546e-05,-9.0661e-06,4.1825e-05,4.3959e-05,3.2228e-05,-2.5043e-05,-1.7689e-05,4.3716e-05,-6.176e-05,1.8153e-05,7.98e-07,-5.4838e-05,-2.2835e-05
3.9859e-06,-9.4134e-05,2.3955e-05,5.1963e-05,-3.9073e-05,6.1412e-05,-1.2283e-05,5.3531e-06,-4.5788e-05,-7.8399e-05,0.00017889,3.6867e-05,-4.5167e-05,6.9966e-05,1.4356e-05,-2.0264e-05,-3.2115e-05,1.59e-05,-3.8148e-05,1.7864e-05,5.3066e-05,-7.3392e-05,2.4246e-05,4.8964e-05,-1.6819e-05,-2.8476e-05,0.00013036,-6.4455e-05,3.6728e-05,-2.0495e-05,-2.4285e-05,5.1824e-05,3.9279e-05,-5.2942e-06,-9.9661e-06,-9.6909e-06,8.6235e-06,1.4011e-05,-1.6838e-05,0.040071,5.7489e-05,-7.733e-05,3.1693e-05,4.9017e-05,1.0172e-05,2.1643e-06,-6.8826e-05,-6.4629e-05,-6.9461e-05,-0.00010997,6.9254e-06,4.6204e-05,-3.3221e-05,-0.00011891,-6.2517e-05,-2.3084e-05,7.2667e-05,-3.5699e-05,-6.7972e-08,-9.652e-05,2.3282e-05,6.9598e-06,-3.9699e-05,-4.2091e-05,-7.6412e-05,-8.2408e-06,-6.5551e-06,-1.2359e-05,-1.282e-05,-2.4101e-05,6.7338e-05,0.00013849,2.2661e-05,-9.9834e-05,2.1948e-05,-6.941e-05,-4.0752e-05,-2.3479e-05,-4.1077e-05,-1.1254e-05
-0.00014085,1.3067e-05,-2.0818e-05,-8.6669e-06,2.2641e-05,1.5463e-05,-0.00010837,3.4382e-05,4.3975e-05,2.7533e-05,-1.5121e-05,-5.1558e-05,0.00012035,-3.3356e-05,-4.7781e-05,7.6621e-05,7.4374e-05,5.792e-05,-1.6496e-05,6.235e-05,3.0466e-05,1.0075e-05,-3.2547e-05,-4.483e-05,1.2265e-05,8.112e-05,3.534e-05,8.5593e-07,4.934e-06,-6.648e-06,-5.7017e-05,-6.706e-05,-3.9577e-05,2.1715e-06,-2.6262e-05,1.0439e-05,-1.5184e-05,-9.0953e-05,-3.1009e-05,5.7489e-05,0.040131,4.8535e-05,-5.9782e-05,-1.7886e-05,-7.394e-05,1.4971e-05,3.1468e-05,5.6007e-05,-3.8863e-05,-2.5176e-05,-3.2368e-05,-6.2581e-05,-2.829e-05,5.9025e-06,4.4701e-05,-5.163e-06,5.6405e-05,-2.6815e-05,6.4474e-05,5.7492e-05,-3.2971e-05,3.3081e-05,7.7168e-06,8.2537e-05,1.7907e-05,-1.0367e-05,5.709e-05,-3.3338e-05,7.3398e-05,-3.2474e-06,8.3076e-06,0.00010239,-3.4275e-05,1.8253e-05,6.3432e-06,-7.7182e-05,2.5623e-05,-6.4825e-05,8.7465e-05,-1.1402e-05
3.8487e-05,4.221e-05,2.1709e-06,0.00013573,3.7948e-06,1.433e-05,-8.2392e-05,7.2561e-05,-8.6661e-05,1.305e-05,5.9908e-05,8.6901e-05,-0.0001447,3.0163e-05,-3.4067e-05,-2.1135e-05,-2.7902e-05,-5.2593e-05,-9.7156e-05,-5.0245e-05,-0.00010153,-9.0794e-06,6.6138e-05,0.00010698,1.2997e-05,-3.662e-05,8.4462e-05,-8.6664e-05,0.00012193,-0.00011705,2.2334e-07,3.2514e-05,0.00013987,-6.8939e-05,4.0748e-05,-3.0305e-05,3.5885e-06,9.7373e-05,-2.8619e-05,-7.733e-05,4.8535e-05,0.039957,6.1755e-05,-5.856e-05,-7.0623e-05,9.8798e-05,-2.6767e-05,-9.3856e-05,-0.00011319,-5.8048e-05,9.1764e-05,3.2039e-05,0.00010762,-0.00010019,3.6796e-06,1.7291e-05,2.8284e-05,2.0662e-05,-1.465e-05,-5.1613e-05,2.6104e-06,6.8637e-06,4.0169e-05,5.4431e-05,-4.0442e-05,6.5781e-06,-1.9645e-05,0.00015856,-5.5101e-05,5.2784e-05,1.0561e-05,-3.0959e-06,-3.2109e-05,-3.1756e-05,1.9662e-05,2.8572e-05,0.00011571,0.00010086,-2.0874e-05,-0.00013617
-6.398e-05,-2.1448e-05,8.5499e-05,-2.7802e-05,-6.2729e-05,-5.9116e-05,-6.5224e-05,-8.1016e-06,9.0654e-05,2.7279e-05,-3.3277e-05,-6.3974e-05,2.593e-05,1.0903e-05,-8.1249e-05,6.635e-05,-2.7271e-05,-1.8448e-05,1.6616e-05,7.1203e-05,0.00010474,-3.3543e-05,3.4992e-05,2.1154e-05,-1.1974e-05,1.1834e-05,-4.6509e-05,0.00013731,-6.3796e-05,3.8591e-05,4.2104e-05,-5.5946e-05,-4.8434e-05,4.2604e-05,7.8462e-05,9.2594e-06,-3.4778e-05,-6.2777e-05,-1.2713e-05,3.1693e-05,-5.9782e-05,6.1755e-05,0.040023,1.7542e-05,-1.0924e-05,3.4276e-05,-6.4795e-05,1.22e-05,4.3084e-05,-6.4084e-05,-4.3694e-05,-2.9692e-06,-8.2373e-05,3.1979e-05,-3.6085e-05,-3.8846e-05,4.2281e-05,-3.7237e-05,8.0202e-05,4.2162e-05,-9.1368e-05,2.1529e-05,-5.283e-05,1.2329e-05,7.3522e-05,-3.932e-05,-8.6468e-05,5.0874e-06,6.4399e-05,3.1687e-05,-4.9981e-05,1.7863e-05,6.9396e-06,8.6598e-05,6.2222e-05,-4.4717e-05,6.8192e-05,-9.7746e-05,0.00015771,-8.0876e-06
1.557e-05,8.7456e-05,-9.1649e-05,-8.9225e-05,-1.8997e-05,-3.5466e-05,-8.5416e-05,-7.1993e-05,-1.9615e-05,0.00010839,-1.1509e-05,-1.4374e-05,5.4838e-05,-4.4584e-05,4.7761e-05,-1.3604e-05,-2.1443e-06,5.0209e-05,-5.9537e-05,-5.6808e-05,-0.00011445,3.6e-06,-0.00011729,1.8052e-05,5.332e-05,2.8551e-05,-5.3073e-05,1.5036e-05,-1.0016e-05,-4.1235e-05,1.3861e-05,-0.00013582,6.1537e-05,-4.5779e-05,5.4358e-06,7.8131e-05,-7.258e-05,-1.5115e-06,-5.553e-05,4.9017e-05,-1.7886e-05,-5.856e-05,1.7542e-05,0.039969,-0.00013148,3.4975e-06,9.6263e-05,1.3202e-05,-5.2374e-06,7.6942e-05,-9.8519e-05,-4.4053e-05,0.00010128,3.554e-05,-3.9301e-06,7.5267e-06,9.7481e-05,0.00012804,-3.928e-05,-0.00011647,7.8655e-05,6.0422e-05,8.0321e-05,2.1067e-05,8.4065e-07,-5.1332e-05,-7.1022e-05,-6.7682e-05,-3.7923e-05,3.8207e-05,-4.0323e-05,1.4549e-05,-1.2856e-05,1.8068e-05,-3.5519e-05,-5.773e-05,7.0976e-05,0.00012325,4.2867e-05,2.2618e-05
