0.040633,0.00014303,0.00030636,-0.00011296,-1.7177e-05,-0.0001949,-7.8639e-05,-0.0001647,-2.4235e-05,-0.00018058,2.0379e-05,2.1989e-05,-0.00018355,-0.00020613,-0.00016469,-6.7669e-05,-1.8345e-05,7.7232e-05,-8.8317e-05,-0.00024588,6.9478e-05,6.8945e-05,9.1322e-06,0.00015723,4.625e-05,3.5087e-05,5.4331e-05,-3.4316e-05,-6.8217e-05,3.9884e-05,1.2924e-05,6.5204e-05,-0.00018693,0.00025326,-0.00011773,-3.4087e-05,-5.6826e-05,-7.9537e-05,0.00031148,-0.00014677,-8.4751e-05,1.3108e-05,-7.8315e-05,0.00026436,-0.00035699,-9.3887e-05,5.9724e-05,0.00027978,-9.8756e-05,-1.3111e-05,-0.00018125,3.8504e-05,3.312e-05,0.00014084,-0.0001661,-6.3123e-05,7.5384e-05,-3.7328e-05,1.5935e-05,0.00016062,-0.00025167,1.4998e-05,9.6796e-05,3.1931e-06,9.0831e-05,0.00010912,0.00030006,-3.3136e-05,-0.00012933,-1.8951e-05,0.00030191,1.0776e-05,-9.6794e-05,-0.00015235,-2.2778e-05,-0.00016317,-0.00014928,7.1504e-05,-0.00011634,-0.00014193
0.00014303,0.040419,-0.00011435,-4.6885e-05,-0.00017997,0.00029125,-1.5341e-05,-0.00043378,8.3136e-05,-1.9899e-05,1.9957e-06,-8.3927e-05,0.00019964,0.00012713,-7.5009e-05,0.00012263,3.387e-05,0.00010363,8.1177e-05,0.00017783,5.8767e-05,-4.0549e-06,-8.8856e-05,-0.00028567,-6.3123e-05,0.00020295,2.0267e-05,-4.6971e-06,7.7872e-05,-0.00014987,9.7723e-05,-0.00014393,-5.5145e-05,4.2475e-05,0.00017856,-7.3097e-05,-5.0262e-05,6.3397e-05,-1.4752e-05,-0.00011652,0.00029245,-6.7992e-05,-0.00011058,-3.8385e-05,0.00013604,-5.6147e-05,0.00023268,-0.00011399,-2.8454e-05,5.6665e-05,0.00036178,0.00026278,-0.00010307,-0.00014288,-0.0001495,-7.4698e-06,-0.00014577,0.00012667,-0.00017559,-0.00034192,5.234e-06,-7.5874e-05,1.5831e-05,-0.0001795,-0.000114,0.0001053,-0.00025138,0.00025041,3.0344e-05,-8.5601e-05,3.077e-05,0.000115,0.00038725,-0.00017436,-0.00017356,-3.5036e-05,0.00020796,-0.00024628,1.5052e-06,-3.9179e-05
0.00030636,-0.00011435,0.040078,0.00014236,6.5539e-05,-3.3277e-05,-1.2524e-05,0.00026395,-3.3272e-05,2.6058e-05,-0.0001765,0.00025055,9.1e-05,5.808e-05,5.6743e-05,0.00019124,-7.4136e-05,0.00010885,-3.294e-05,6.1075e-05,8.3052e-06,-5.6601e-05,-3.549e-05,-0.00010253,-0.00035345,-5.8081e-05,6.2683e-05,1.5126e-05,-9.1602e-05,-0.00016373,-6.0489e-05,-0.00010931,8.7799e-05,-0.00022019,-0.00012271,0.00015939,-0.00027119,0.00010985,-0.00013758,8.0345e-05,-9.4375e-05,8.0653e-05,7.4509e-06,-0.00021704,0.00031356,1.4559e-05,-4.6379e-05,-0.00017881,-2.3875e-05,-6.5086e-05,7.743e-05,-1.1025e-05,0.00028477,-4.1316e-05,5.7957e-07,-7.9076e-05,1.1618e-05,0.00023169,-2.6268e-05,-0.00037791,0.00029554,-9.8686e-05,-5.4466e-05,-0.00015454,-1.8068e-05,-8.4455e-05,-0.0002278,0.00023376,3.707e-05,9.173e-06,-6.3932e-06,-2.1008e-06,5.5876e-05,-9.4837e-05,1.1601e-05,-2.3843e-05,-0.00017425,-0.00017512,-8.5431e-05,-4.6465e-05
-0.00011296,-4.6885e-05,0.00014236,0.040941,0.000111,-4.4564e-05,-3.4277e-05,0.00011415,2.1088e-05,0.00018083,-8.7721e-05,-0.0001053,3.2868e-05,-3.8448e-05,-9.6878e-05,-0.00019201,-1.3638e-05,0.00010498,-0.00017566,-0.00011487,-3.7196e-05,-0.00015641,-6.0668e-05,-0.00017647,3.6991e-05,-0.00016918,0.00014902,-0.00010254,1.4793e-05,0.00010788,-1.1402e-05,3.374e-05,9.1713e-05,0.00014941,7.936e-05,0.00013562,-9.4735e-05,-6.4516e-05,6.8956e-05,5.9754e-05,-2.0752e-05,2.6643e-05,-8.6886e-05,-2.9153e-05,0.00016644,7.8717e-05,0.00027144,-1.9919e-05,-2.5537e-05,-3.8642e-05,-0.00014594,2.1123e-05,4.6158e-05,-7.2738e-05,-0.0002341,-6.1375e-05,-0.00012045,-0.00017995,1.3137e-05,-5.9954e-05,-7.4612e-05,6.348e-06,4.8348e-05,-4.1419e-05,4.0742e-05,0.00025473,7.3826e-06,0.00019535,-9.8948e-05,2.7585e-05,0.00017075,4.2997e-05,7.2147e-05,-4.3654e-05,-7.3278e-05,-0.00028822,-0.00013448,-5.7735e-05,0.00019065,6.9556e-05
-1.7177e-05,-0.00017997,6.5539e-05,0.000111,0.040611,-2.6229e-05,-3.6181e-05,0.00014167,2.9237e-05,-0.00017018,-0.00013878,-7.4749e-05,0.00016867,-3.7458e-05,8.5894e-05,-7.4434e-05,0.00013711,-3.3568e-06,0.00022298,7.5075e-05,8.4641e-06,6.4582e-05,-0.00010355,3.2464e-05,3.8807e-05,-0.00016631,-2.9481e-05,-0.0001052,-9.0823e-05,4.5648e-06,-0.00023389,-7.7004e-05,1.8462e-05,-0.00021334,0.0001056,-0.00018258,-8.9424e-05,-5.588e-05,-0.00014951,-0.00022006,0.00016035,0.00017114,5.9807e-05,-1.2698e-05,0.00011214,-3.231e-05,6.6712e-05,4.0681e-05,4.7475e-05,-1.626e-05,4.05e-05,-3.8773e-05,9.3621e-05,0.00022552,1.8537e-05,2.4857e-05,3.7584e-05,0.00016422,3.6737e-05,-7.0057e-05,-2.6134e-05,7.6984e-05,-4.0536e-05,3.0525e-05,-0.00030385,-8.1602e-05,5.2103e-05,2.9595e-05,-8.9802e-05,-9.2789e-05,-1.6101e-05,3.566e-06,3.849e-05,5.7417e-05,-1.3073e-05,-0.00017272,-6.8535e-05,-6.9443e-05,2.2108e-05,-0.00015116
-0.0001949,0.00029125,-3.3277e-05,-4.4564e-05,-2.6229e-05,0.040725,-1.2938e-05,-6.3955e-05,-2.6748e-05,-0.00015054,4.4931e-05,3.2123e-05,4.0223e-05,7.1511e-05,-0.00015895,6.1555e-06,-1.5531e-05,-6.5523e-05,-3.8541e-05,7.3327e-06,0.0001696,4.8558e-05,-0.00018905,0.00020706,5.9737e-05,6.4085e-05,-0.00015784,-0.00013869,-2.7855e-05,0.00011597,-0.00016632,0.00015708,0.00011442,0.00016093,-7.3288e-05,2.1265e-05,-0.00016395,-3.6763e-05,-4.3519e-06,-5.2369e-05,-0.00014744,-5.1818e-05,-5.132e-05,0.00011511,5.6269e-08,8.7689e-05,-0.00011624,-0.00013592,-2.1874e-05,-1.0349e-05,-0.00034622,-2.9706e-05,0.0002647,0.00016199,-5.3162e-06,2.3541e-05,-5.2161e-05,-0.00025428,0.00011132,-4.4994e-05,-0.00014278,-0.00014997,9.8664e-05,1.1727e-05,0.00018522,2.8811e-05,0.0001699,-0.00027258,-4.5704e-05,-9.7931e-05,-6.4512e-05,-0.00017016,-0.00010768,5.5523e-05,-2.2744e-05,3.2648e-05,-7.7809e-05,-9.2088e-05,3.6604e-05,-0.00018046
-7.8639e-05,-1.5341e-05,-1.2524e-05,-3.4277e-05,-3.6181e-05,-1.2938e-05,0.040528,-6.6771e-05,-6.0472e-06,-0.00024205,0.00023951,6.1292e-05,-0.00021885,0.000151,0.00012049,4.6523e-05,0.0001268,0.0002664,-0.00022714,-9.507e-05,0.00012114,-0.00022097,-1.6763e-05,7.587e-05,9.1531e-05,0.00025041,-0.00014002,-0.00014531,-1.1949e-05,5.5918e-05,-4.1038e-05,-0.00012071,-0.00012303,-0.00013881,7.5287e-05,-5.6582e-05,-4.5073e-05,3.1307e-05,-0.00011898,-0.00012715,-0.00013927,9.3655e-05,-0.0001821,-7.4173e-05,3.2671e-05,-1.3758e-05,-0.00016103,6.014e-05,-9.3411e-06,-0.00016166,-1.9871e-05,-8.7218e-05,0.00013766,5.2889e-06,-0.00011712,3.9111e-05,-9.6066e-05,-8.2171e-06,0.00020427,-0.00026385,-5.4538e-05,5.4253e-05,-1.4341e-05,0.00025938,-0.000309,3.6036e-05,0.00019869,-6.8311e-05,-5.6035e-05,-5.4397e-05,-0.00020983,1.7048e-05,2.4664e-05,0.00025695,2.9449e-05,5.2628e-05,-9.1222e-05,4.3954e-05,1.2818e-05,-3.5711e-05
-0.0001647,-0.00043378,0.00026395,0.00011415,0.00014167,-6.3955e-05,-6.6771e-05,0.040321,0.00032291,8.6109e-05,0.00021529,0.00011983,-9.8418e-05,0.00032491,-8.713e-06,-5.8705e-05,0.00016818,0.00018435,-0.00011806,-7.174e-05,-3.7211e-05,-6.2306e-05,1.933e-05,3.7031e-05,0.00012134,6.4895e-05,-2.9971e-05,0.00014479,0.00019821,0.00014456,7.0705e-05,0.00032822,7.0427e-05,0.00013782,-5.3577e-05,-0.00033889,8.4138e-05,1.3447e-05,-0.00011994,-0.00025058,0.00024029,-0.00016874,-2.0748e-06,-7.0662e-07,-0.00020083,3.8521e-05,3.0451e-05,-0.00020731,-0.0001311,2.2272e-05,-3.6234e-06,4.9683e-05,-0.00016987,-0.00017117,-7.8959e-07,-2.1762e-05,0.00012565,-1.0938e-05,4.5891e-05,-0.00017604,-0.00042372,-6.8764e-06,-4.3161e-05,5.3823e-05,-7.6364e-05,7.3954e-05,6.4088e-05,4.6922e-05,-0.00031955,-0.00019081,5.4081e-05,0.00015275,0.00024508,-9.8167e-05,4.4367e-05,0.00010383,0.00039841,9.4894e-05,-4.1278e-05,2.367e-05
-2.4235e-05,8.3136e-05,-3.3272e-05,2.1088e-05,2.9237e-05,-2.6748e-05,-6.0472e-06,0.00032291,0.040717,7.4784e-05,1.7548e-05,0.00015926,-6.1648e-05,-8.8368e-05,0.00013693,0.00012084,-4.5239e-05,6.1443e-05,2.8958e-06,7.7253e-05,-0.00019377,-1.7957e-05,7.7542e-05,0.00016537,0.00010337,9.061e-05,4.1414e-05,-4.0064e-05,1.5376e-05,5.5727e-06,0.00018903,0.00013638,-2.2504e-06,-7.7327e-05,6.0722e-05,4.7329e-06,-6.0558e-05,-0.00011123,0.00012962,-6.1909e-05,-0.00014069,2.9261e-05,-1.1721e-05,6.4686e-05,0.00019863,-5.8221e-05,0.00012587,0.00022051,0.00014019,-0.00012344,-5.5124e-05,0.00018473,8.5704e-05,5.0296e-05,-6.5679e-05,-4.5931e-05,1.6471e-05,-7.5823e-05,-3.0604e-06,-6.4126e-05,-5.9813e-05,4.416e-05,-3.4589e-05,-9.0337e-05,-6.3402e-05,5.9337e-05,1.969e-05,-2.0359e-05,2.1975e-05,7.3469e-05,0.00012969,-2.0813e-05,-7.2381e-05,-5.8496e-06,-1.407e-05,3.3583e-05,-0.00033136,2.8947e-06,7.063e-05,-6.47e-05
-0.00018058,-1.9899e-05,2.6058e-05,0.00018083,-0.00017018,-0.00015054,-0.00024205,8.6109e-05,7.4784e-05,0.04048,-8.0722e-05,-0.0001742,-8.0983e-05,-0.00013642,-2.3617e-05,-2.5629e-05,1.6902e-05,0.0002074,-0.00048167,9.9081e-05,-7.1972e-05,0.00016488,-1.9154e-06,-0.00012256,-6.4386e-05,0.00028601,0.00015245,-6.4963e-05,-3.2952e-05,0.00018417,0.00021859,8.6291e-06,-7.7044e-05,0.00023254,-0.00030249,-0.00017794,5.2695e-05,5.4079e-05,-0.00013359,-0.00018599,-0.00010519,-0.00010788,-8.723e-05,0.00028202,-0.00035029,4.2755e-05,-0.00015792,0.00015359,-0.00012855,-0.00023689,-0.00018871,-6.1352e-05,5.6742e-05,9.7074e-05,9.8871e-05,-9.6619e-05,0.0001854,0.00019256,0.00030128,-6.0086e-05,5.0839e-05,5.6472e-05,2.7454e-05,0.00025525,3.791e-05,-0.0003049,6.8218e-05,-0.00014051,-2.4124e-06,-0.00015574,-0.00013502,-2.3399e-05,-3.7817e-06,-0.00017412,-0.00023489,-9.8412e-05,-1.9615e-05,0.00027923,-0.00028909,-0.00014197
2.0379e-05,1.9957e-06,-0.0001765,-8.7721e-05,-0.00013878,4.4931e-05,0.00023951,0.00021529,1.7548e-05,-8.0722e-05,0.040671,-3.0687e-05,0.00013684,6.1734e-05,-7.664e-05,0.00018782,5.7658e-05,6.1007e-05,0.00014086,0.00010388,7.1212e-05,2.2761e-05,-0.00012147,2.5792e-05,-0.00018352,-1.2069e-05,0.00011877,-0.00011716,-0.00024222,1.0002e-05,6.5304e-05,-0.00019447,0.0002127,-0.00014172,-1.7154e-05,7.0181e-05,-7.9128e-05,0.00025258,-2.4645e-05,3.7745e-05,-5.6399e-05,-0.00015101,-9.3371e-05,3.785e-05,2.9195e-05,0.00010733,0.00013734,-0.000241,0.00030328,0.00034878,8.1236e-05,0.00014915,9.1324e-05,-2.1039e-05,-0.00011018,-1.5242e-05,5.9166e-05,-4.1269e-05,5.0171e-05,-3.7638e-05,0.00021583,-6.8942e-05,0.00035796,-0.00023667,0.00012692,-0.00011715,-1.3351e-05,3.6241e-05,-2.0592e-05,0.00013465,-5.1292e-05,3.8981e-05,-8.9918e-05,-0.00018928,5.9457e-05,4.195e-05,-0.0001152,-0.00027794,-0.00012662,-0.00010318
2.1989e-05,-8.3927e-05,0.00025055,-0.0001053,-7.4749e-05,3.2123e-05,6.1292e-05,0.00011983,0.00015926,-0.0001742,-3.0687e-05,0.040683,4.5162e-05,-0.00011329,-6.8269e-05,-8.9881e-05,-8.2344e-05,-1.6453e-05,1.0998e-05,6.6058e-05,-3.3833e-05,3.8891e-05,0.00017696,-5.5307e-05,-3.5892e-05,0.00011185,9.3475e-06,-2.1579e-05,0.00016736,-3.1552e-05,0.00013076,0.00010882,2.0597e-05,6.5936e-05,0.00012672,0.00021208,-4.1348e-05,-0.00015611,5.0101e-05,-0.00011095,-8.5303e-05,-3.6156e-05,0.00011121,3.0462e-05,-0.00023308,1.94e-05,-0.00013116,0.00020611,-8.8369e-05,-7.9897e-05,0.00021476,0.00026602,-4.2647e-05,-0.00016311,2.3023e-05,1.6071e-06,6.8041e-05,-5.4222e-05,6.6959e-05,0.00013407,-0.00010675,-8.4505e-05,1.4999e-05,7.5846e-05,0.00011713,-3.2599e-06,4.1198e-05,7.9686e-05,4.0881e-05,-4.986e-05,4.5708e-06,-2.1962e-05,-3.8736e-06,6.4002e-05,-2.6089e-05,-0.00013493,5.764e-05,-6.1215e-05,-4.7609e-05,0.00011066
-0.00018355,0.00019964,9.1e-05,3.2868e-05,0.00016867,4.0223e-05,-0.00021885,-9.8418e-05,-6.1648e-05,-8.0983e-05,0.00013684,4.5162e-05,0.040486,-0.00010805,-0.00020654,-4.9439e-05,-3.6031e-05,0.00013423,-0.00015038,0.00010962,0.00013026,-4.5692e-05,-6.3391e-05,4.4732e-06,8.3315e-05,2.6643e-05,0.00014731,0.00021145,0.0002001,4.2938e-05,-0.0001859,0.00012509,-0.00019171,0.00011413,1.588e-05,-0.00017629,-7.693e-05,2.0942e-05,0.00020656,0.00013505,-0.00022259,0.00013828,3.0514e-05,-4.1856e-05,-0.00012885,-3.0589e-06,-2.8651e-05,0.00023392,-0.00012228,-8.4328e-05,-4.2726e-05,9.916e-05,-0.00011482,0.00018319,-0.00011045,4.1346e-05,9.6496e-05,-4.7221e-06,9.217e-05,-0.00027822,-0.00019726,-0.00011421,0.00015623,7.9895e-05,7.0225e-05,0.00010065,1.1146e-05,-0.00021082,-9.5982e-05,8.0088e-05,-8.7321e-05,5.93e-05,-0.00032425,8.2265e-05,6.6819e-05,-3.7187e-05,-0.00019719,3.6647e-05,2.6851e-05,4.3182e-05
-0.00020613,0.00012713,5.808e-05,-3.8448e-05,-3.7458e-05,7.1511e-05,0.000151,0.00032491,-8.8368e-05,-0.00013642,6.1734e-05,-0.00011329,-0.00010805,0.040386,-0.00012038,-9.9096e-05,-8.927e-05,-2.1517e-05,6.1773e-05,0.00030175,-4.9962e-05,0.00015124,-2.8211e-05,-8.3338e-05,-9.283e-05,-8.9818e-05,0.00010944,-0.00022242,3.3278e-05,-0.00011009,0.00013503,3.6688e-05,-0.00015479,0.00039,-9.6152e-05,0.00047562,1.5171e-05,8.4785e-05,5.0744e-05,-0.00010571,-0.000262,0.0001935,0.0001463,0.00022251,-0.00037961,2.4475e-05,-1.195e-05,0.00031979,0.00010163,-0.00016996,-4.6097e-05,-4.3436e-05,-0.00017038,1.1324e-05,0.00012914,-0.00013577,-7.3708e-05,9.4725e-05,-0.00014519,0.00016334,-7.4251e-05,-7.3982e-05,0.00020449,-0.0003885,-2.1752e-05,-0.00026031,-7.2989e-06,-0.00012893,0.00010216,0.00017614,0.00020147,2.9687e-05,-0.0001023,-1.3325e-05,-0.00017055,-0.00024485,-0.0002518,0.00017752,8.3811e-06,0.00018104
-0.00016469,-7.5009e-05,5.6743e-05,-9.6878e-05,8.5894e-05,-0.00015895,0.00012049,-8.713e-06,0.00013693,-2.3617e-05,-7.664e-05,-6.8269e-05,-0.00020654,-0.00012038,0.040545,0.00012859,7.2086e-05,-1.0158e-06,-0.00024018,-2.3631e-05,0.00017617,-0.00012279,0.00012123,-2.6328e-05,-6.1851e-05,6.3387e-05,0.00011903,0.00012629,9.9766e-05,-2.3159e-05,0.00015511,-8.3861e-05,-5.5418e-05,0.0001179,0.00020776,0.0002008,-2.6793e-05,1.9639e-05,0.00011885,0.00023892,4.6543e-05,7.267e-05,5.9084e-05,-0.000122,2.9831e-05,-0.00010439,7.4915e-05,0.00013391,0.00015912,5.1147e-05,6.786e-05,-1.1949e-05,0.00013741,9.288e-05,-0.00015125,-2.0813e-05,5.7468e-05,7.7271e-07,0.00013968,-2.7692e-05,-0.00022818,-0.00016123,0.00015965,-0.00012248,0.00018459,8.7398e-05,6.8878e-05,0.00021717,7.744e-06,-4.0459e-05,-7.4354e-05,0.00011907,-0.00020666,-0.00014076,-6.2263e-05,7.5627e-05,-0.00012301,-0.00024802,0.00031795,-0.00014227
-6.7669e-05,0.00012263,0.00019124,-0.00019201,-7.4434e-05,6.1555e-06,4.6523e-05,-5.8705e-05,0.00012084,-2.5629e-05,0.00018782,-8.9881e-05,-4.9439e-05,-9.9096e-05,0.00012859,0.040736,7.3146e-05,-0.00015131,-3.6866e-05,4.9517e-05,3.511e-05,0.00018542,0.0001197,0.00020293,0.00010464,3.1524e-05,4.9557e-05,4.2099e-05,-2.6813e-06,-8.3949e-05,0.00016114,-8.1954e-05,-3.0952e-05,3.3914e-05,5.1821e-05,-8.9352e-05,5.1849e-05,-5.4264e-05,0.00017599,-0.00018983,9.9859e-06,0.00012877,-8.6051e-05,0.00030102,-0.00028457,2.5648e-05,-9.1999e-05,9.0447e-05,-6.3724e-05,6.9339e-06,-0.00014976,-0.0003146,-3.9712e-05,5.0666e-05,0.00010806,-7.1267e-06,2.5979e-05,-8.2489e-05,8.49e-06,0.00030351,-7.4381e-05,0.00024063,-0.00011243,-5.6162e-05,3.2549e-05,2.5281e-06,7.0976e-05,-0.00026416,-0.00013194,1.1233e-05,-1.0524e-05,-6.3723e-05,-5.1238e-05,-7.8236e-05,-0.00015361,1.585e-05,0.0001399,0.0002099,-3.7094e-05,8.1723e-05
-1.8345e-05,3.387e-05,-7.4136e-05,-1.3638e-05,0.00013711,-1.5531e-05,0.0001268,0.00016818,-4.5239e-05,1.6902e-05,5.7658e-05,-8.2344e-05,-3.6031e-05,-8.927e-05,7.2086e-05,7.3146e-05,0.040742,9.4719e-06,0.00010325,-0.00012961,2.4758e-06,-8.087e-05,3.8088e-05,-8.9228e-05,0.00010488,0.0001381,5.4128e-05,-1.2771e-05,-0.00020188,-4.2925e-05,2.6751e-06,8.7287e-05,-0.00010036,0.00015123,0.00016827,-1.0593e-05,4.9859e-05,-5.6297e-05,8.9164e-05,3.3587e-06,-0.00017949,0.00013757,6.8358e-05,-9.8032e-05,4.2803e-06,0.00011095,-1.4547e-05,5.5454e-05,-8.0887e-05,0.00020453,0.00016105,1.0182e-05,2.6708e-05,0.00019043,-7.1247e-05,-1.4472e-05,-3.4624e-05,1.6527e-05,-4.7137e-05,-0.00011663,2.9137e-05,-1.3943e-05,2.1065e-05,6.535e-05,0.00015462,-7.4044e-05,0.00020966,3.5783e-05,1.6648e-06,3.3846e-05,0.00015338,-0.00010167,-0.00015978,-0.00012785,-2.2062e-05,-1.0739e-05,-0.00025312,-0.00013234,6.8595e-05,-4.8623e-05
7.7232e-05,0.00010363,0.00010885,0.00010498,-3.3568e-06,-6.5523e-05,0.0002664,0.00018435,6.1443e-05,0.0002074,6.1007e-05,-1.6453e-05,0.00013423,-2.1517e-05,-1.0158e-06,-0.00015131,9.4719e-06,0.040506,0.00017831,-5.082e-05,8.5575e-05,2.28e-05,0.00035575,0.00016278,-3.4109e-05,-5.7845e-05,0.00028551,-7.2158e-05,0.00012956,-3.8759e-05,0.00016406,-5.7717e-05,-5.4867e-05,-0.00019576,4.1984e-05,0.00020672,3.5379e-05,9.7689e-05,0.00013561,0.00010349,-0.00012042,-2.7785e-05,8.1692e-05,-0.00022133,-3.7438e-05,0.0001431,0.00011336,-0.00014904,0.00021086,1.0447e-05,-6.1725e-05,-0.00013181,-2.3623e-05,-0.00030687,0.00010671,7.0399e-05,0.0002145,-6.1677e-05,-0.00016395,5.3639e-05,-0.00019729,-4.5169e-05,-6.7227e-05,-3.7507e-05,-5.491e-06,5.4758e-05,-0.00035234,7.5811e-05,7.248e-05,1.9512e-05,-5.6382e-05,0.00010882,-0.00018023,5.8312e-05,0.00018178,0.00018537,0.00024788,-1.3255e-05,-0.00021771,0.00012289
-8.8317e-05,8.1177e-05,-3.294e-05,-0.00017566,0.00022298,-3.8541e-05,-0.00022714,-0.00011806,2.8958e-06,-0.00048167,0.00014086,1.0998e-05,-0.00015038,6.1773e-05,-0.00024018,-3.6866e-05,0.00010325,0.00017831,0.040117,0.00015599,-0.00010105,-0.00010614,3.3637e-05,-0.00040088,0.00027854,0.00040498,-2.2214e-05,-7.8451e-06,7.5008e-05,0.00017075,3.8829e-05,0.00022453,-7.5173e-05,0.00016237,-0.00017957,-0.00016669,8.7427e-05,-0.00019966,-0.00019789,0.00011481,-0.00012283,0.00010222,-0.00021938,-2.1468e-05,0.00016541,-2.8513e-05,-5.7792e-05,8.8715e-05,-0.00025619,-0.00021072,3.9586e-05,-5.2834e-05,0.00013189,0.00015861,-0.00013835,-0.00013018,2.8683e-05,7.3927e-05,-5.3669e-05,-7.401e-05,-9.9688e-06,0.00013432,5.6629e-05,0.00030906,0.00011321,4.8005e-05,4.7644e-05,5.7765e-05,-0.00026923,-0.00029724,-1.4439e-05,8.4394e-05,0.00020855,-0.00027824,-0.00021348,-4.7348e-05,-9.8455e-06,-2.308e-05,0.00011935,-0.0001245
-0.00024588,0.00017783,6.1075e-05,-0.00011487,7.5075e-05,7.3327e-06,-9.507e-05,-7.174e-05,7.7253e-05,9.9081e-05,0.00010388,6.6058e-05,0.00010962,0.00030175,-2.3631e-05,4.9517e-05,-0.00012961,-5.082e-05,0.00015599,0.040759,4.041e-05,-0.00011091,0.0001781,-9.8933e-06,2.7533e-05,-0.00020298,7.9453e-05,-0.00020367,-0.0002114,5.1578e-05,-0.00016676,0.00014891,-0.00014511,0.0001335,7.8852e-05,-3.8213e-05,4.4916e-05,-0.00021479,0.00012901,8.7659e-05,1.6544e-05,3.8013e-05,1.9114e-05,-0.0002003,-2.9171e-05,1.4216e-07,1.6994e-05,0.00014833,-4.7785e-05,0.00016744,-7.3645e-05,-0.0001183,0.0002159,0.00012702,-0.00019384,-4.0351e-05,0.00011402,-7.9713e-05,4.4969e-05,7.1033e-05,-0.00016939,1.0125e-05,9.229e-05,0.00018966,0.0001575,-7.1459e-05,2.5451e-05,-8.0806e-07,-6.9945e-05,0.00011303,-0.00013182,-0.0001807,-7.5141e-05,0.00030144,-5.7343e-05,0.00017844,-0.00014479,0.00012744,-6.2386e-05,3.7189e-05
6.9478e-05,5.8767e-05,8.3052e-06,-3.7196e-05,8.4641e-06,0.0001696,0.00012114,-3.7211e-05,-0.00019377,-7.1972e-05,7.1212e-05,-3.3833e-05,0.00013026,-4.9962e-05,0.00017617,3.511e-05,2.4758e-06,8.5575e-05,-0.00010105,4.041e-05,0.040567,9.5744e-05,5.8655e-05,-0.00012905,1.7129e-05,-0.00012278,7.4652e-05,3.6313e-05,-8.7914e-05,-6.8903e-05,-1.1001e-05,0.00012733,7.4613e-05,-3.2539e-05,-1.7362e-05,0.00011833,4.7053e-05,-9.4804e-05,-0.00015113,-0.00019665,8.6972e-05,-5.8223e-05,5.0643e-06,-0.00019837,7.7849e-05,0.00011053,-0.0002537,5.9762e-05,-0.00019299,-0.00011281,0.00010351,3.9206e-05,-8.8538e-05,-0.00025738,1.7813e-05,-0.00013786,7.9096e-05,0.00027175,-0.00012633,-6.2242e-06,0.00014362,-2.0647e-05,-0.00016298,0.00010644,-3.1582e-05,4.862e-06,-0.00036871,0.00020376,-0.00028366,-0.00022355,0.00012218,1.2261e-06,0.00019892,-1.2153e-06,4.8648e-05,-0.00013674,-6.2544e-05,8.7114e-05,-0.00019209,0.00010755
6.8945e-05,-4.0549e-06,-5.6601e-05,-0.00015641,6.4582e-05,4.8558e-05,-0.00022097,-6.2306e-05,-1.7957e-05,0.00016488,2.2761e-05,3.8891e-05,-4.5692e-05,0.00015124,-0.00012279,0.00018542,-8.087e-05,2.28e-05,-0.00010614,-0.00011091,9.5744e-05,0.040578,8.977e-05,1.1163e-05,-7.7853e-05,0.00016488,0.00016271,0.00010488,1.366e-05,-2.6009e-05,4.2657e-05,0.00021466,-5.6587e-05,-6.3246e-05,4.1413e-05,-2.56e-05,2.708e-05,-8.0179e-05,-3.4038e-06,0.00018263,8.4721e-05,3.7133e-05,-0.00010416,-0.00032806,0.00022458,3.6594e-05,0.00022021,0.00025072,2.8239e-05,-2.6355e-05,0.00011507,4.536e-05,2.4023e-05,-7.9946e-05,-7.9152e-05,0.00012984,-3.8356e-05,8.9592e-05,-2.6431e-05,-8.4969e-05,-0.00010885,-2.8433e-05,-1.1528e-05,0.00014689,5.2412e-06,0.00030607,4.6744e-05,0.00026977,1.6427e-05,-0.00016511,-0.00014393,0.00027653,-0.0001353,1.4697e-05,3.7169e-05,3.2893e-05,-0.0002142,-2.4944e-05,6.9106e-05,3.0989e-05
9.1322e-06,-8.8856e-05,-3.549e-05,-6.0668e-05,-0.00010355,-0.00018905,-1.6763e-05,1.933e-05,7.7542e-05,-1.9154e-06,-0.00012147,0.00017696,-6.3391e-05,-2.8211e-05,0.00012123,0.0001197,3.8088e-05,0.00035575,3.3637e-05,0.0001781,5.8655e-05,8.977e-05,0.040768,-9.6176e-05,-7.9678e-05,-7.4098e-05,-0.00021868,-2.4921e-05,0.0001007,-8.3207e-05,-0.00014102,5.534e-05,0.00020593,-2.5955e-05,-0.00016231,-6.0998e-05,-0.00011922,0.00016683,-3.4925e-05,-9.1609e-05,0.00019899,-9.2554e-05,5.3753e-05,4.9883e-05,7.3392e-05,-5.8247e-05,0.00020406,-3.184e-05,-2.3657e-07,0.00018685,0.00019261,6.0868e-05,2.7615e-05,0.0001295,-5.0047e-05,0.000115,-0.00013178,5.4705e-05,7.2793e-05,-3.0588e-05,0.00038323,0.00013342,-9.859e-07,-0.00021044,-4.9458e-05,-2.3565e-05,0.00015342,-0.00016652,-0.00011449,-5.0055e-05,0.00018088,-7.5784e-05,0.00014047,4.8181e-05,-3.0476e-05,-3.3539e-05,-0.00020499,-9.6367e-05,4.7645e-06,-0.00020616
0.00015723,-0.00028567,-0.00010253,-0.00017647,3.2464e-05,0.00020706,7.587e-05,3.7031e-05,0.00016537,-0.00012256,2.5792e-05,-5.5307e-05,4.4732e-06,-8.3338e-05,-2.6328e-05,0.00020293,-8.9228e-05,0.00016278,-0.00040088,-9.8933e-06,-0.00012905,1.1163e-05,-9.6176e-05,0.040753,0.00022028,5.4904e-05,5.8302e-05,-9.9913e-05,-6.8207e-05,0.00014961,-0.000295,6.0754e-05,-0.00010226,0.00021584,9.7934e-05,0.00016307,0.00015621,-2.1906e-06,-0.00023652,0.00014358,-0.00011152,-1.437e-05,2.1937e-05,-0.0002132,0.00019295,6.3691e-05,0.00018617,-1.2037e-05,-0.0001356,7.3162e-05,0.00015245,2.7186e-05,0.00030622,4.6735e-05,2.1152e-06,-6.8051e-05,-0.00010236,5.6002e-05,-0.00010789,-7.9277e-05,0.00024685,-0.00020133,0.00030651,-7.3059e-05,6.104e-05,0.00017352,-0.00019806,0.00011333,-0.0002201,-0.00012463,5.6503e-05,0.00011924,-3.3431e-05,-0.00025528,1.9254e-05,-0.00016718,-0.00015478,0.00014544,0.00019161,-0.00011999
4.625e-05,-6.3123e-05,-0.00035345,3.6991e-05,3.8807e-05,5.9737e-05,9.1531e-05,0.00012134,0.00010337,-6.4386e-05,-0.00018352,-3.5892e-05,8.3315e-05,-9.283e-05,-6.1851e-05,0.00010464,0.00010488,-3.4109e-05,0.00027854,2.7533e-05,1.7129e-05,-7.7853e-05,-7.9678e-05,0.00022028,0.040856,-0.00014872,-8.878e-08,-2.6823e-05,0.0001182,-0.00015535,0.00010996,-0.0001063,0.00025044,-9.3313e-05,-5.3145e-05,0.00033873,-0.00017816,0.00015794,-0.00013603,-4.3282e-06,0.00014181,-3.9566e-05,-3.1894e-05,-0.00012278,7.3761e-05,-0.00019353,1.6043e-05,9.8144e-05,0.00013445,5.3914e-05,6.6788e-05,7.5262e-06,-0.00013537,-0.00012278,9.8382e-06,6.1028e-05,7.2901e-05,0.00015184,-2.9974e-05,0.00013849,0.00012771,4.9498e-05,-2.5695e-05,-6.5448e-05,5.9005e-05,-0.00018888,-8.2607e-05,0.00013021,0.00015914,6.9922e-05,5.4457e-05,-4.2859e-05,6.0573e-05,7.1932e-05,7.7721e-05,9.8295e-05,0.00011032,-0.00011503,-0.00031795,0.0001896
3.5087e-05,0.00020295,-5.8081e-05,-0.00016918,-0.00016631,6.4085e-05,0.00025041,6.4895e-05,9.061e-05,0.00028601,-1.2069e-05,0.00011185,2.6643e-05,-8.9818e-05,6.3387e-05,3.1524e-05,0.0001381,-5.7845e-05,0.00040498,-0.00020298,-0.00012278,0.00016488,-7.4098e-05,5.4904e-05,-0.00014872,0.040249,-3.6462e-05,8.1676e-05,8.2476e-05,-0.00019304,-0.00026653,7.0265e-05,0.00032498,-0.0002019,-4.2025e-05,0.0002709,-1.9455e-06,0.00019599,-5.1164e-05,5.1591e-05,0.0003235,1.8803e-05,8.2128e-05,-0.00013313,0.00011058,-6.3739e-05,0.00026241,-1.2288e-05,0.00019134,0.00014432,-1.624e-05,-2.145e-07,-5.6025e-05,-0.00016565,0.00015187,5.5236e-05,0.00011041,-0.00010312,-6.7034e-05,0.00021013,7.7392e-05,-1.1559e-05,-0.00017156,-0.00016294,-0.00020287,1.0698e-05,-0.00023663,-3.8759e-05,-0.00011821,0.00012202,0.00024452,-0.00015667,2.1175e-05,0.00012353,0.00023007,-0.00011135,0.00016798,9.944e-05,-0.00025475,0.00013414
5.4331e-05,2.0267e-05,6.2683e-05,0.00014902,-2.9481e-05,-0.00015784,-0.00014002,-2.9971e-05,4.1414e-05,0.00015245,0.00011877,9.3475e-06,0.00014731,0.00010944,0.00011903,4.9557e-05,5.4128e-05,0.00028551,-2.2214e-05,7.9453e-05,7.4652e-05,0.00016271,-0.00021868,5.8302e-05,-8.878e-08,-3.6462e-05,0.040466,0.00019507,-0.00021653,-0.00010733,-0.00019798,0.00025741,0.00024595,-2.2695e-05,-1.8062e-05,2.5359e-05,-4.4258e-05,7.5902e-05,0.0001716,-0.00031061,-1.6068e-05,-0.00015589,1.5473e-05,0.00014932,7.8957e-05,-4.6064e-05,1.9044e-05,-0.0002625,-6.1865e-05,0.0002938,0.00022008,0.00017491,3.1101e-05,-6.0361e-05,7.8091e-05,-0.0001068,1.4132e-05,8.1634e-05,-1.0067e-05,5.9128e-06,4.884e-05,0.00020785,-0.00015684,4.3672e-05,6.7944e-05,-4.2014e-05,9.7809e-05,-0.0001688,9.3697e-06,-0.00022001,0.00018911,-0.00011845,0.00016691,1.5364e-05,-0.00013677,-5.8095e-05,0.00024276,-0.00015145,2.8231e-05,-0.00019327
-3.4316e-05,-4.6971e-06,1.5126e-05,-0.00010254,-0.0001052,-0.00013869,-0.00014531,0.00014479,-4.0064e-05,-6.4963e-05,-0.00011716,-2.1579e-05,0.00021145,-0.00022242,0.00012629,4.2099e-05,-1.2771e-05,-7.2158e-05,-7.8451e-06,-0.00020367,3.6313e-05,0.00010488,-2.4921e-05,-9.9913e-05,-2.6823e-05,8.1676e-05,0.00019507,0.040673,-0.00011405,1.9571e-05,0.00010906,-1.9045e-05,2.3459e-05,2.7403e-06,-0.00022703,1.2594e-05,-0.00018321,1.2141e-05,1.6947e-05,0.00011469,-0.00019203,-0.0001626,1.1416e-05,0.0001846,4.2158e-06,0.00010177,-8.6275e-06,4.7497e-05,-2.4592e-05,-6.8895e-05,-0.00015004,-5.5642e-05,-5.8881e-05,5.3904e-05,7.9658e-05,-1.4684e-05,-0.00015378,-0.00010416,-8.5123e-06,0.00010204,-3.092e-05,-5.7953e-05,-2.6316e-05,-7.5595e-05,-0.0001475,7.601e-05,4.867e-05,0.00014403,5.3306e-06,0.00019787,8.9188e-05,7.408e-05,-7.1377e-05,-3.2201e-05,-2.5087e-05,-7.0723e-05,-4.1759e-05,9.48e-05,1.9637e-05,0.0001244
-6.8217e-05,7.7872e-05,-9.1602e-05,1.4793e-05,-9.0823e-05,-2.7855e-05,-1.1949e-05,0.00019821,1.5376e-05,-3.2952e-05,-0.00024222,0.00016736,0.0002001,3.3278e-05,9.9766e-05,-2.6813e-06,-0.00020188,0.00012956,7.5008e-05,-0.0002114,-8.7914e-05,1.366e-05,0.0001007,-6.8207e-05,0.0001182,8.2476e-05,-0.00021653,-0.00011405,0.040733,-9.2441e-05,-0.0001678,4.1642e-06,-0.00017895,7.4818e-05,-4.4986e-05,-8.5881e-05,-7.2032e-06,-0.00022406,-0.00012979,-0.00010427,-6.215e-05,6.2826e-06,-0.00017817,8.8334e-05,-2.8162e-05,7.5807e-05,-4.6148e-05,-0.00014971,9.283e-05,-0.00015431,2.388e-05,-0.00015546,0.00023985,0.00015451,0.0002416,-0.00024946,-6.7045e-05,-8.9724e-05,-0.00021618,-7.3268e-05,-2.9527e-05,0.00022022,-4.3445e-05,-5.806e-05,-0.00022831,-0.00013657,4.0919e-05,9.3163e-07,7.622e-05,8.5183e-05,9.1926e-05,-0.00012959,-2.9627e-05,-0.00021717,5.6119e-05,7.7429e-05,-0.00010358,0.00022244,0.00017488,-0.00027427
3.9884e-05,-0.00014987,-0.00016373,0.00010788,4.5648e-06,0.00011597,5.5918e-05,0.00014456,5.5727e-06,0.00018417,1.0002e-05,-3.1552e-05,4.2938e-05,-0.00011009,-2.3159e-05,-8.3949e-05,-4.2925e-05,-3.8759e-05,0.00017075,5.1578e-05,-6.8903e-05,-2.6009e-05,-8.3207e-05,0.00014961,-0.00015535,-0.00019304,-0.00010733,1.9571e-05,-9.2441e-05,0.040646,-0.00026492,9.7908e-05,0.00015355,-0.00018355,0.0001243,0.00017138,-7.1401e-05,0.00011419,-5.9471e-05,0.00025263,0.00021283,3.8286e-05,5.5793e-05,-4.2633e-05,2.599e-05,0.00010191,0.00010294,-0.00025855,0.00022709,-4.1673e-05,0.00010548,3.2632e-05,-0.00010244,-0.00021675,5.0076e-05,5.1012e-05,-0.00011719,-6.0308e-05,-0.00024001,-3.3642e-05,0.00021031,0.00016019,-0.00015187,-0.0003614,-8.1811e-05,0.00022751,8.2773e-06,0.00016873,0.00016192,4.416e-05,0.00016564,-2.6393e-05,0.000106,-0.0001512,0.00010812,-2.3401e-05,0.00011392,-0.00021409,8.8198e-05,-6.7739e-05
1.2924e-05,9.7723e-05,-6.0489e-05,-1.1402e-05,-0.00023389,-0.00016632,-4.1038e-05,7.0705e-05,0.00018903,0.00021859,6.5304e-05,0.00013076,-0.0001859,0.00013503,0.00015511,0.00016114,2.6751e-06,0.00016406,3.8829e-05,-0.00016676,-1.1001e-05,4.2657e-05,-0.00014102,-0.000295,0.00010996,-0.00026653,-0.00019798,0.00010906,-0.0001678,-0.00026492,0.040256,6.0182e-06,9.7337e-05,-0.00012984,-0.00020907,4.0025e-05,7.9407e-05,-4.5564e-05,-6.7697e-05,3.0833e-05,0.00025382,3.3458e-05,-4.0391e-05,-0.00016156,9.5873e-05,-6.3399e-05,7.2214e-06,-0.00040489,2.9682e-06,7.5708e-05,0.00019329,0.00014563,0.00013854,-6.3107e-05,2.4607e-05,0.00011729,-0.00022102,5.4816e-05,-8.5167e-05,6.9164e-06,0.00025176,6.3412e-05,-0.00024173,1.0564e-05,-0.00010419,0.00014045,-0.00016846,-0.00013359,-0.00020238,6.229e-05,9.0046e-05,-7.0345e-05,-3.7899e-05,8.6229e-05,2.0005e-05,-0.00013967,-2.6354e-06,0.00017102,-5.3668e-05,-0.00029446
6.5204e-05,-0.00014393,-0.00010931,3.374e-05,-7.7004e-05,0.00015708,-0.00012071,0.00032822,0.00013638,8.6291e-06,-0.00019447,0.00010882,0.00012509,3.6688e-05,-8.3861e-05,-8.1954e-05,8.7287e-05,-5.7717e-05,0.00022453,0.00014891,0.00012733,0.00021466,5.534e-05,6.0754e-05,-0.0001063,7.0265e-05,0.00025741,-1.9045e-05,4.1642e-06,9.7908e-05,6.0182e-06,0.040687,-0.00014222,0.00011361,-2.2259e-05,0.00022903,2.0931e-05,0.00013758,2.244e-05,-6.9109e-05,-0.00027537,0.00020118,1.455e-05,0.0001224,-2.9696e-05,0.00019625,-0.00019052,-0.0001058,0.0001228,0.00015343,2.2236e-05,3.5066e-05,1.0485e-06,-3.4597e-05,-1.5465e-05,3.097e-05,-0.00028218,1.3524e-05,-2.5842e-05,0.00026829,4.9511e-06,-3.415e-05,2.3043e-05,-1.0773e-05,-9.729e-05,-7.5192e-05,8.9447e-05,2.4786e-05,0.00015178,2.5874e-06,0.00011594,-5.8108e-05,-0.0001439,3.1263e-05,9.478e-05,-6.2977e-05,6.4942e-08,2.0748e-06,-3.6356e-05,3.0338e-05
-0.00018693,-5.5145e-05,8.7799e-05,9.1713e-05,1.8462e-05,0.00011442,-0.00012303,7.0427e-05,-2.2504e-06,-7.7044e-05,0.0002127,2.0597e-05,-0.00019171,-0.00015479,-5.5418e-05,-3.0952e-05,-0.00010036,-5.4867e-05,-7.5173e-05,-0.00014511,7.4613e-05,-5.6587e-05,0.00020593,-0.00010226,0.00025044,0.00032498,0.00024595,2.3459e-05,-0.00017895,0.00015355,9.7337e-05,-0.00014222,0.040568,0.00021673,0.00010425,-0.00012154,4.3361e-05,0.00010979,4.0847e-05,-0.00010907,-0.0002945,0.00011063,-0.0001398,0.0003385,-0.00031292,-3.7073e-05,-0.00011341,0.0002257,-3.5476e-05,-0.00029149,9.2444e-05,-0.00031954,7.0556e-05,0.00017632,-0.00013685,-0.00016945,-0.00014859,-0.0001629,-6.8007e-05,9.4136e-06,-0.00023505,-7.1091e-06,0.00010293,8.9164e-05,-4.0317e-07,2.219e-05,6.1628e-05,-0.00018807,-2.4584e-05,-7.6565e-05,-0.00014411,7.4387e-05,-0.00019929,-0.00015892,4.9533e-05,-8.6379e-05,3.4503e-05,0.00021207,0.00012214,-0.00010753
0.00025326,4.2475e-05,-0.00022019,0.00014941,-0.00021334,0.00016093,-0.00013881,0.00013782,-7.7327e-05,0.00023254,-0.00014172,6.5936e-05,0.00011413,0.00039,0.0001179,3.3914e-05,0.00015123,-0.00019576,0.00016237,0.0001335,-3.2539e-05,-6.3246e-05,-2.5955e-05,0.00021584,-9.3313e-05,-0.0002019,-2.2695e-05,2.7403e-06,7.4818e-05,-0.00018355,-0.00012984,0.00011361,0.00021673,0.040487,0.0003826,-1.0016e-05,7.0129e-05,-8.303e-05,-0.00028075,0.00012781,0.00027392,-7.0005e-05,-8.5103e-05,-8.9653e-05,0.00027074,-0.00027009,6.8937e-05,-6.9618e-05,0.00013492,-6.4023e-05,0.00027461,-9.6046e-05,-0.00015813,-0.00019381,4.7479e-05,0.00017525,0.00022179,9.6329e-05,-4.0133e-05,-8.5074e-05,0.00018543,0.00010583,-0.00035058,2.3396e-05,-9.4567e-05,5.6891e-05,-0.00024072,0.00044682,-0.00013925,-0.00012292,1.2225e-05,0.00019258,9.9561e-05,-4.2475e-05,0.00024499,3.1181e-05,-7.8871e-05,0.00010389,3.9389e-05,-6.0074e-05
-0.00011773,0.00017856,-0.00012271,7.936e-05,0.0001056,-7.3288e-05,7.5287e-05,-5.3577e-05,6.0722e-05,-0.00030249,-1.7154e-05,0.00012672,1.588e-05,-9.6152e-05,0.00020776,5.1821e-05,0.00016827,4.1984e-05,-0.00017957,7.8852e-05,-1.7362e-05,4.1413e-05,-0.00016231,9.7934e-05,-5.3145e-05,-4.2025e-05,-1.8062e-05,-0.00022703,-4.4986e-05,0.0001243,-0.00020907,-2.2259e-05,0.00010425,0.0003826,0.040111,-4.8985e-05,0.0001313,0.00029939,0.00010363,-0.00014199,-7.9954e-05,-0.000225,-6.8303e-05,0.00049321,-0.0002792,-7.0523e-05,-2.5452e-05,-0.00014601,-0.00026652,-7.9357e-05,-0.00032352,-0.00026667,-0.00014397,-7.9624e-05,0.00031179,-2.0718e-05,0.00018574,-0.00010677,-3.4315e-05,0.00014955,-9.1938e-06,8.9839e-05,-0.00014863,-0.00021531,-0.0001821,-0.00013556,-7.5938e-05,-0.00023428,-0.00018927,4.5178e-05,4.1386e-05,-0.00013942,-2.0735e-05,0.00012125,-0.00022255,-2.2299e-06,0.000287,0.00016372,-5.3512e-05,-0.00029174
-3.4087e-05,-7.3097e-05,0.00015939,0.00013562,-0.00018258,2.1265e-05,-5.6582e-05,-0.00033889,4.7329e-06,-0.00017794,7.0181e-05,0.00021208,-0.00017629,0.00047562,0.0002008,-8.9352e-05,-1.0593e-05,0.00020672,-0.00016669,-3.8213e-05,0.00011833,-2.56e-05,-6.0998e-05,0.00016307,0.00033873,0.0002709,2.5359e-05,1.2594e-05,-8.5881e-05,0.00017138,4.0025e-05,0.00022903,-0.00012154,-1.0016e-05,-4.8985e-05,0.040386,-6.6855e-05,-8.3321e-05,2.0497e-05,-0.00020631,-8.9881e-05,-8.2087e-05,-0.00011036,0.00011968,-7.4688e-05,0.00014965,-0.00019247,0.00021964,-5.7246e-05,-5.0435e-05,-0.00012892,-0.00023633,2.0602e-05,0.00018265,-0.0002373,7.7711e-05,4.2838e-05,-2.0123e-05,-2.4026e-05,-0.00020612,-0.00017507,0.00018703,1.2717e-06,0.00029372,-4.7974e-05,-4.9065e-05,0.00026434,-0.00015603,-6.0222e-05,-9.6944e-05,-0.00019701,-5.6283e-05,2.8437e-05,-1.7633e-05,-6.9683e-05,0.00019911,-5.7559e-05,3.415e-05,8.2364e-06,-0.00010325
-5.6826e-05,-5.0262e-05,-0.00027119,-9.4735e-05,-8.9424e-05,-0.00016395,-4.5073e-05,8.4138e-05,-6.0558e-05,5.2695e-05,-7.9128e-05,-4.1348e-05,-7.693e-05,1.5171e-05,-2.6793e-05,5.1849e-05,4.9859e-05,3.5379e-05,8.7427e-05,4.4916e-05,4.7053e-05,2.708e-05,-0.00011922,0.00015621,-0.00017816,-1.9455e-06,-4.4258e-05,-0.00018321,-7.2032e-06,-7.1401e-05,7.9407e-05,2.0931e-05,4.3361e-05,7.0129e-05,0.0001313,-6.6855e-05,0.040889,6.403e-05,8.7935e-05,3.4048e-05,-1.8711e-05,-5.964e-06,6.0403e-05,1.1929e-05,0.00011045,3.3209e-05,-6.8988e-05,-1.4413e-05,0.00017096,1.7162e-05,2.844e-05,0.00012176,-5.6164e-05,0.00012462,-2.8638e-05,9.4991e-05,-9.4914e-05,-7.8189e-05,2.0628e-05,-0.00036961,5.3684e-05,6.9598e-05,3.5333e-05,-8.0335e-05,0.00015533,-9.5467e-05,7.3284e-05,0.00013641,6.2354e-06,0.00025414,3.641e-05,2.0357e-05,-0.00015441,9.8082e-05,4.0244e-05,2.6158e-06,-6.7028e-05,-0.00017744,4.3173e-05,-9.3106e-05
-7.9537e-05,6.3397e-05,0.00010985,-6.4516e-05,-5.588e-05,-3.6763e-05,3.1307e-05,1.3447e-05,-0.00011123,5.4079e-05,0.00025258,-0.00015611,2.0942e-05,8.4785e-05,1.9639e-05,-5.4264e-05,-5.6297e-05,9.7689e-05,-0.00019966,-0.00021479,-9.4804e-05,-8.0179e-05,0.00016683,-2.1906e-06,0.00015794,0.00019599,7.5902e-05,1.2141e-05,-0.00022406,0.00011419,-4.5564e-05,0.00013758,0.00010979,-8.303e-05,0.00029939,-8.3321e-05,6.403e-05,0.04044,4.5476e-05,5.9742e-05,2.1875e-05,-3.1974e-05,9.3238e-05,-0.00019308,0.00023352,3.5221e-05,0.00013647,5.5941e-05,-0.00019417,-4.7289e-05,0.00011246,8.8036e-05,0.00025636,-5.708e-06,6.0423e-05,-5.1064e-05,9.8753e-05,-1.6726e-05,2.6372e-05,-0.00024926,-0.00012091,3.0368e-05,0.00013075,0.00016515,0.00021851,7.0373e-05,-0.00010607,2.1964e-05,8.2092e-06,-6.2089e-05,-8.3252e-05,0.00010319,0.0001548,-0.00023595,-3.8765e-05,-0.00013748,-0.0001813,-4.717e-05,7.9728e-05,-8.6051e-05
0.00031148,-1.4752e-05,-0.00013758,6.8956e-05,-0.00014951,-4.3519e-06,-0.00011898,-0.00011994,0.00012962,-0.00013359,-2.4645e-05,5.0101e-05,0.00020656,5.0744e-05,0.00011885,0.00017599,8.9164e-05,0.00013561,-0.00019789,0.00012901,-0.00015113,-3.4038e-06,-3.4925e-05,-0.00023652,-0.00013603,-5.1164e-05,0.0001716,1.6947e-05,-0.00012979,-5.9471e-05,-6.7697e-05,2.244e-05,4.0847e-05,-0.00028075,0.00010363,2.0497e-05,8.7935e-05,4.5476e-05,0.040661,-5.5852e-05,0.00019083,4.8897e-05,-3.8842e-05,-0.00033054,0.00030183,-3.1195e-05,0.00010284,-0.00016393,5.7549e-05,-5.4182e-05,1.2494e-05,7.5909e-05,0.00023266,-7.7289e-05,-7.8942e-05,-4.3075e-05,-0.00011126,-4.8554e-05,-0.00010037,-0.00017583,0.000154,-6.2131e-05,5.0577e-05,7.6445e-05,1.3322e-05,4.0525e-05,-0.00016393,-2.6153e-05,-0.00020287,-0.0002142,-0.00010382,0.00021394,0.00010924,-0.00011721,0.00019709,-0.00010138,8.8602e-05,0.00013658,-6.6339e-05,-2.1178e-07
-0.00014677,-0.00011652,8.0345e-05,5.9754e-05,-0.00022006,-5.2369e-05,-0.00012715,-0.00025058,-6.1909e-05,-0.00018599,3.7745e-05,-0.00011095,0.00013505,-0.00010571,0.00023892,-0.00018983,3.3587e-06,0.00010349,0.00011481,8.7659e-05,-0.00019665,0.00018263,-9.1609e-05,0.00014358,-4.3282e-06,5.1591e-05,-0.00031061,0.00011469,-0.00010427,0.00025263,3.0833e-05,-6.9109e-05,-0.00010907,0.00012781,-0.00014199,-0.00020631,3.4048e-05,5.9742e-05,-5.5852e-05,0.040314,0.00017932,-0.00011907,-7.3827e-05,7.4305e-05,-0.00033894,0.00019166,-0.00016094,-0.00012092,-0.00034046,0.00011235,-4.5239e-05,-6.1542e-06,-0.00017926,0.00011259,0.0002283,6.2594e-05,-0.00010474,9.7083e-05,0.00019521,-6.4227e-05,0.00010261,4.3409e-05,-8.9992e-06,0.00022369,-5.7963e-05,-0.00045468,3.0577e-05,-0.00019071,0.00011107,2.4847e-06,0.00023111,2.0079e-05,-0.00019736,0.00011743,1.0669e-05,8.9326e-05,9.0449e-05,1.3153e-05,-0.00024831,-0.0002093
-8.4751e-05,0.00029245,-9.4375e-05,-2.0752e-05,0.00016035,-0.00014744,-0.00013927,0.00024029,-0.00014069,-0.00010519,-5.6399e-05,-8.5303e-05,-0.00022259,-0.000262,4.6543e-05,9.9859e-06,-0.00017949,-0.00012042,-0.00012283,1.6544e-05,8.6972e-05,8.4721e-05,0.00019899,-0.00011152,0.00014181,0.0003235,-1.6068e-05,-0.00019203,-6.215e-05,0.00021283,0.00025382,-0.00027537,-0.0002945,0.00027392,-7.9954e-05,-8.9881e-05,-1.8711e-05,2.1875e-05,0.00019083,0.00017932,0.040116,0.00012726,4.5031e-05,0.00032232,-1.7819e-05,0.00012795,-0.00022714,0.00017763,-1.8065e-05,-9.8793e-05,-0.00031278,-0.00021647,0.0001299,0.00013672,-6.3259e-05,-0.00012705,-3.5411e-05,-0.00021832,-0.00015968,-2.6533e-05,-0.00018931,0.00015963,0.00017712,-1.0272e-05,0.00022382,-7.1646e-05,0.00023138,-0.00017859,-0.00010346,0.00010909,0.00014752,0.0001453,1.194e-06,-0.00015698,-0.00012602,-0.0001367,-0.00012818,0.00017195,0.00017379,0.00010008
1.3108e-05,-6.7992e-05,8.0653e-05,2.6643e-05,0.00017114,-5.1818e-05,9.3655e-05,-0.00016874,2.9261e-05,-0.00010788,-0.00015101,-3.6156e-05,0.00013828,0.0001935,7.267e-05,0.00012877,0.00013757,-2.7785e-05,0.00010222,3.8013e-05,-5.8223e-05,3.7133e-05,-9.2554e-05,-1.437e-05,-3.9566e-05,1.8803e-05,-0.00015589,-0.0001626,6.2826e-06,3.8286e-05,3.3458e-05,0.00020118,0.00011063,-7.0005e-05,-0.000225,-8.2087e-05,-5.964e-06,-3.1974e-05,4.8897e-05,-0.00011907,0.00012726,0.040735,-4.0284e-05,5.7294e-05,4.2592e-05,-2.8455e-05,3.8433e-05,-3.6959e-05,7.3455e-05,0.00010585,6.5439e-05,-1.6481e-05,6.8069e-05,-8.6425e-05,0.00014815,-0.00010421,0.00018619,3.7153e-05,-0.00015059,3.6353e-05,-2.0973e-05,-5.426e-05,9.2934e-07,-4.3621e-05,-6.5457e-05,5.2231e-05,-0.00016047,0.00020745,-0.00018121,-0.00016312,-0.00013904,3.1051e-05,0.00014261,-5.9126e-05,-1.7727e-05,-4.9608e-05,2.039e-05,9.66e-05,-5.3585e-05,4.4481e-05
-7.8315e-05,-0.00011058,7.4509e-06,-8.6886e-05,5.9807e-05,-5.132e-05,-0.0001821,-2.0748e-06,-1.1721e-05,-8.723e-05,-9.3371e-05,0.00011121,3.0514e-05,0.0001463,5.9084e-05,-8.6051e-05,6.8358e-05,8.1692e-05,-0.00021938,1.9114e-05,5.0643e-06,-0.00010416,5.3753e-05,2.1937e-05,-3.1894e-05,8.2128e-05,1.5473e-05,1.1416e-05,-0.00017817,5.5793e-05,-4.0391e-05,1.455e-05,-0.0001398,-8.5103e-05,-6.8303e-05,-0.00011036,6.0403e-05,9.3238e-05,-3.8842e-05,-7.3827e-05,4.5031e-05,-4.0284e-05,0.04075,4.4014e-05,1.9625e-05,1.5954e-05,-5.1363e-06,-6.1515e-05,-0.00022041,-2.6606e-05,-1.4849e-05,8.6961e-06,6.5532e-05,-1.2263e-05,-6.8922e-05,1.177e-05,-1.2758e-05,0.00025136,0.00014846,-3.509e-05,7.6585e-05,-0.00013279,-0.00010797,4.8483e-05,-0.00017739,0.00010801,-0.00010949,0.00012833,-6.0684e-05,-0.00011658,2.0623e-05,1.0057e-05,6.6369e-05,-0.00025254,-0.00014287,-0.00015161,-6.261e-05,5.9261e-05,-7.2531e-05,1.3403e-05
0.00026436,-3.8385e-05,-0.00021704,-2.9153e-05,-1.2698e-05,0.00011511,-7.4173e-05,-7.0662e-07,6.4686e-05,0.00028202,3.785e-05,3.0462e-05,-4.1856e-05,0.00022251,-0.000122,0.00030102,-9.8032e-05,-0.00022133,-2.1468e-05,-0.0002003,-0.00019837,-0.00032806,4.9883e-05,-0.0002132,-0.00012278,-0.00013313,0.00014932,0.0001846,8.8334e-05,-4.2633e-05,-0.00016156,0.0001224,0.0003385,-8.9653e-05,0.00049321,0.00011968,1.1929e-05,-0.00019308,-0.00033054,7.4305e-05,0.00032232,5.7294e-05,4.4014e-05,0.040231,0.00046029,0.00011819,0.00015234,-0.00024879,0.00025045,-5.8999e-05,0.00025133,0.00011459,0.00018873,-0.00012368,-0.00015404,4.194e-06,6.4338e-05,1.5203e-05,3.2534e-05,-0.00019666,9.7009e-05,-8.7411e-05,0.000104,9.4868e-05,2.1804e-05,0.0003532,-0.00022042,0.00013711,-0.00014519,-0.00022037,-0.0001123,7.582e-05,-8.7769e-05,-7.6142e-05,0.00019747,-0.00023541,-0.00013341,-0.00019252,-4.9444e-05,-5.5148e-05
