0.039943,-0.00018082,-5.7618e-05,-0.00014932,3.8499e-05,0.00011013,0.00010474,3.7125e-06,-7.1304e-05,0.00011832,0.00032378,-8.5059e-05,0.00015678,-7.6871e-05,1.6631e-05,5.053e-07,-0.00019823,-0.00015282,3.2582e-05,7.1662e-05,-0.00010704,5.526e-05,-0.00033689,-0.0003342,-2.4772e-05,3.2418e-05,0.00011223,-0.00010717,0.00013772,-5.395e-05,7.7246e-05,-0.0002107,2.5237e-05,7.2239e-06,7.1812e-05,8.7315e-05,-0.0001646,-0.00017399,-1.7929e-05,0.00011326,0.00012323,-4.5588e-05,-0.00010251,2.579e-05,0.00025938,0.00021428,6.3559e-06,-6.9807e-05,-8.6577e-05,0.00012926,3.0062e-05,6.0557e-05,-0.00015275,-6.9894e-05,6.3465e-06,-0.00011501,9.3631e-05,-5.4379e-06,-0.00011607,-0.00027312,5.1963e-05,-0.00011287,0.00013986,5.8596e-05,-8.6865e-05,1.2745e-05,-0.00010917,-0.00013262,-2.7481e-05,-0.00014541,-6.3376e-05,-0.00025761,-0.00016541,-7.6987e-05,-9.4612e-06,0.00016492,-0.00012384,6.0254e-05,-5.4611e-05,-7.3071e-05,6.0518e-05,9.4729e-05,-2.2193e-05,0.00010935,-0.0002424,-0.00016953,-1.6281e-05,-0.00025278,-1.0575e-05,-5.4227e-05,-0.00029864,-7.7241e-05,-9.3043e-05,-4.2988e-05,6.0191e-05,-8.4997e-06,-1.8331e-05,-0.00017434,-0.00015283,2.7011e-05
-0.00018082,0.039809,-0.00015661,0.00013543,4.7388e-05,2.4686e-05,0.00015424,-7.4344e-05,-0.00010863,9.6179e-05,-0.00014856,0.00015317,1.7099e-05,-5.4069e-06,1.2607e-05,-7.7733e-05,0.00015269,4.3607e-05,8.3919e-05,-7.9179e-05,-0.00011452,-5.5976e-06,3.8449e-05,8.3918e-05,2.8421e-05,4.4092e-05,2.762e-05,0.00011569,2.1758e-05,9.1285e-05,4.0408e-05,-5.1823e-05,-4.7815e-05,9.1761e-05,9.967e-05,3.7231e-05,6.0282e-05,-2.3478e-05,-6.3391e-05,5.6673e-05,-7.3037e-05,0.00014148,-0.00012119,-0.0001371,-3.9089e-05,-0.00026058,5.3761e-05,-5.1638e-05,-6.99e-05,8.1735e-06,2.2386e-05,-0.00011065,-3.7322e-05,-0.00012349,4.7783e-05,-9.9612e-06,0.00012049,5.6259e-05,6.9927e-05,9.6164e-05,9.343e-05,-9.9491e-05,-0.00017842,7.5417e-05,-0.00013794,2.3546e-05,1.1675e-05,0.00010117,0.00014322,1.9867e-05,9.6214e-05,8.5182e-06,0.00018875,5.3702e-05,0.000117,-0.00012577,-1.3639e-05,-3.9364e-05,0.00012853,0.00022154,-0.00011029,1.2283e-05,-8.6466e-05,5.8705e-05,9.5093e-06,3.9726e-06,-6.017e-05,-0.00016752,-0.0001236,-2.4061e-05,9.3504e-05,5.5696e-05,5.3753e-05,-1.8563e-05,3.8813e-05,3.8335e-05,-0.00010957,0.00016361,7.9781e-05,-0.00015118
-5.7618e-05,-0.00015661,0.039891,-5.2136e-05,2.2155e-05,-4.2372e-05,-3.1601e-05,-7.1207e-05,3.1098e-05,-9.6941e-05,-4.1576e-05,5.7709e-05,-0.00027443,-5.1129e-05,0.00019547,8.1626e-05,4.7259e-05,8.4669e-05,-5.8022e-05,-0.00010139,0.00018315,-2.5057e-05,0.00023857,-9.7196e-05,7.2713e-06,-0.00014563,4.4852e-05,2.0836e-05,-0.00023876,-7.5064e-05,1.0269e-05,6.9451e-05,-1.3591e-05,-0.00027576,-0.00013825,6.6033e-05,-2.5306e-05,0.00018627,0.00020534,5.0892e-05,-0.00024324,-8.3471e-05,2.4187e-05,8.0822e-05,4.9357e-05,0.00017033,8.1965e-05,0.00021445,0.00035378,-0.00031144,-0.00010543,-0.00013847,9.2604e-05,-6.5614e-05,-6.6507e-05,-0.00017171,-0.00021372,5.7816e-05,-0.00012899,4.4759e-05,-0.00029647,9.2264e-05,-6.1053e-05,-5.7754e-05,7.1662e-05,4.4293e-05,8.9898e-05,0.00022567,9.2539e-05,-0.00022085,-0.00028499,7.7981e-05,-0.00012623,-4.9041e-05,2.1137e-05,9.2823e-05,0.00010129,-5.1637e-05,6.2066e-05,-1.4102e-05,-4.3286e-05,-1.6544e-05,-2.188e-05,-5.1122e-07,0.00014399,-3.6941e-05,-0.00019128,6.4842e-05,0.00022742,-9.0638e-05,0.00023484,-1.7886e-05,0.00012935,-3.3439e-05,4.0881e-05,0.00012451,5.0399e-05,-6.6733e-05,1.1225e-05,-0.00010522
-0.00014932,0.00013543,-5.2136e-05,0.040231,8.3829e-05,0.00026545,7.8125e-05,-0.00026332,2.0908e-05,-2.1712e-05,1.1119e-05,-0.00012929,-0.0004185,4.1806e-05,0.00012987,-0.00015157,-0.00022743,-7.9078e-05,0.00024226,-3.478e-05,3.7469e-05,1.9005e-05,-0.00012248,0.00022712,-0.00014852,-6.4718e-05,-0.0002319,0.00010226,-0.00027569,-0.000212,-0.00021169,0.00018311,0.00026075,7.2068e-05,-9.8539e-06,-5.6689e-05,-0.00013988,-0.00031853,-1.5564e-05,-0.00014945,-0.00049796,0.00018354,0.00022899,-0.00015858,-0.00011387,5.7518e-05,-4.4533e-05,-7.5415e-05,-0.00038238,-6.9814e-05,7.574e-05,6.6337e-05,-3.7743e-05,-0.00032799,-5.0368e-05,-0.00043041,-7.3464e-05,-5.241e-05,-0.00011212,0.00028508,0.00033783,-0.00012648,-4.3776e-05,0.00030722,7.4154e-05,1.8786e-05,0.00017488,-8.9906e-05,-8.8753e-05,-7.8707e-05,0.00011817,0.00015879,-0.00041466,-0.00020277,-0.00043628,4.338e-05,0.00020994,-5.9141e-05,-0.00031002,0.00022514,-0.00012394,6.7685e-05,-0.0001649,-0.00010273,0.00024921,-0.00015593,4.7026e-06,-3.1538e-05,-0.00027724,6.6734e-05,0.00020441,-0.00017161,-9.0855e-05,2.3265e-05,-0.00028749,0.0003214,-0.00029148,-0.000234,-6.241e-05,-1.4124e-05
3.8499e-05,4.7388e-05,2.2155e-05,8.3829e-05,0.039682,-1.7322e-05,-0.00010298,-0.00024098,-8.5753e-05,0.00017844,-5.4685e-05,2.1826e-05,-0.00027116,-7.4917e-05,-4.1418e-05,-0.00024372,-7.4608e-06,9.3409e-05,0.00020495,0.00010468,9.7231e-05,-0.00010424,6.0805e-05,3.0352e-05,-6.5997e-05,1.8494e-05,0.00010996,5.7693e-05,-6.2475e-06,8.3354e-06,-1.8828e-05,-0.00026326,1.9165e-05,-0.00012443,-0.0001227,7.5441e-06,3.4484e-05,-0.00015629,9.4936e-05,0.00010097,-0.00019104,-4.7655e-05,-0.00010701,-0.00022212,-8.3932e-05,8.5215e-05,2.6807e-05,0.00010373,2.5933e-05,-9.3117e-05,0.00010062,0.00012508,-3.7636e-05,-4.0152e-05,-7.8034e-05,-0.00017794,0.00015797,-6.8977e-05,-0.00014739,-0.00012079,2.0392e-05,-2.116e-05,-4.085e-05,8.0469e-05,-9.1302e-05,5.9766e-05,0.00013564,8.3047e-05,7.0103e-05,-7.8953e-05,-0.0001146,-6.069e-05,-0.00014227,-6.7328e-05,-7.7367e-05,2.5985e-05,-8.1692e-06,-8.6974e-05,2.244e-05,0.00010538,-0.00013175,3.4247e-05,0.00012991,5.627e-05,-3.518e-05,1.4316e-05,-5.7833e-05,4.872e-05,-4.9355e-05,2.4445e-05,7.6634e-05,-3.9846e-07,3.5073e-05,-0.00014199,0.0001231,-4.0633e-05,-0.00019848,5.3994e-05,3.0074e-05,-0.00013724
0.00011013,2.4686e-05,-4.2372e-05,0.00026545,-1.7322e-05,0.040075,-0.00028928,0.00016279,-0.00020522,0.00011198,0.00027266,4.4858e-05,-0.00024436,-4.7162e-05,-0.00011275,5.2722e-05,-0.00014779,0.00021208,0.00025184,7.4172e-05,-0.00013501,0.00010111,-9.4283e-05,7.9488e-05,-0.00014326,1.8611e-05,8.8303e-05,-6.1903e-05,-0.00010687,-1.0705e-05,4.4727e-05,-0.00024632,0.00026481,-6.5859e-06,0.00020994,-7.8783e-05,-0.00026837,-0.00010626,-3.8152e-05,-0.00013521,-0.00016412,-9.1091e-05,-0.0001561,-0.00028667,2.5197e-05,0.00029482,7.4619e-05,2.9789e-05,-0.00013133,0.00012569,-5.1316e-05,9.7147e-05,0.00011178,-3.214e-05,7.92e-05,-0.00029916,8.5294e-06,-4.5222e-06,6.8996e-05,5.1054e-05,-0.00010848,-0.0004937,-0.00017179,0.00023858,-6.661e-05,3.4052e-05,0.00014254,0.00016502,-8.7653e-05,-0.00031384,-3.4796e-05,-1.6805e-05,-0.00020412,-0.00027732,0.00022682,0.000129,-0.00017518,-0.00014695,-1.2313e-05,9.0838e-05,3.8501e-05,0.0001491,3.8256e-05,6.4023e-06,-8.6025e-05,-0.00019814,-1.0358e-05,-0.00014475,-0.00021536,-4.311e-05,0.00013116,1.328e-05,0.00019719,-3.0056e-05,0.00011843,-9.9788e-05,-0.0001799,-8.9729e-05,-0.00016728,7.0849e-05
0.00010474,0.00015424,-3.1601e-05,7.8125e-05,-0.00010298,-0.00028928,0.040284,4.3083e-05,9.5778e-05,-0.00013635,0.00010835,-4.971e-05,0.00052862,-0.00015698,0.00032211,-0.00020406,-3.6926e-05,9.3298e-05,-0.00015481,-0.00041577,-0.00031204,-2.3882e-05,-8.4e-05,-0.00022214,0.00012429,-0.00014783,-3.974e-05,0.00011276,8.2954e-05,1.6184e-05,-0.00014076,0.00049886,-9.9451e-06,-0.00012426,-5.9595e-05,0.00025669,7.607e-05,-2.3586e-05,-9.2156e-05,-9.7822e-05,0.00011315,0.00012108,0.00018081,0.00022873,0.0001905,-0.00020586,0.00010816,-0.0001638,-0.00014719,3.985e-05,-0.00011679,-0.00018333,-8.583e-05,-0.00026526,9.3731e-05,1.4589e-05,-0.00020378,-0.00013097,-4.6156e-05,0.00012498,0.00013299,0.00027628,0.0003108,-0.000117,5.9894e-05,1.5563e-05,-0.00033005,-0.00029776,0.00036435,0.00012999,-3.7793e-05,0.00014144,-3.7595e-07,0.00039586,-0.00023427,6.0526e-05,0.00018172,0.0001154,-0.00028645,8.8491e-06,0.00012695,-0.0001432,-0.00040764,-4.2831e-05,0.00010588,-5.5672e-06,1.4313e-05,-0.00031588,0.00011973,7.3735e-05,-0.00018741,-5.6508e-05,-0.00023553,0.00010539,-0.00020447,0.00037231,3.1366e-06,-0.00017554,0.0003315,7.8366e-05
3.7125e-06,-7.4344e-05,-7.1207e-05,-0.00026332,-0.00024098,0.00016279,4.3083e-05,0.040197,0.00013036,-0.00019361,0.0003027,0.00010118,0.0005209,-5.4555e-05,-3.4949e-05,0.00018178,-8.3335e-06,0.00023126,-0.00025564,-0.00032754,-0.00042367,0.00025227,-0.00025597,-4.7539e-05,-1.2516e-05,0.00011128,-6.0135e-05,-6.1007e-05,0.00011143,0.00010481,-6.5651e-05,1.177e-05,-5.2243e-05,7.4991e-05,0.00033094,-6.3251e-05,-0.00015202,9.5196e-05,-0.00016631,1.7288e-05,0.00048935,3.9752e-05,9.0745e-06,0.00036967,0.00019828,-0.00014497,0.00026309,-8.4204e-05,-0.00021129,0.00049781,-0.0002268,-3.7743e-05,0.00020386,0.00035028,0.0001502,0.00029048,-0.00013829,-9.9649e-05,0.00023266,0.00011245,-1.0543e-05,1.9692e-05,-1.4768e-05,-0.00017523,-6.2653e-05,-8.3667e-05,-0.00027491,-0.00021433,7.0051e-05,0.00024502,0.00019045,-2.0691e-05,0.00026883,0.00031097,0.00028912,-4.4251e-06,-0.00032758,0.00016476,-9.5449e-05,-0.00026337,0.00054467,-0.0002481,2.2404e-05,8.9141e-05,-0.00023549,6.8849e-05,0.00026203,-9.2076e-06,-8.7167e-06,-7.2747e-05,-0.00010389,0.00012152,-5.8569e-05,0.00010408,5.3297e-05,-0.00012356,0.00026713,9.1485e-05,-8.3784e-05,0.00025892
-7.1304e-05,-0.00010863,3.1098e-05,2.0908e-05,-8.5753e-05,-0.00020522,9.5778e-05,0.00013036,0.040079,-0.00031551,2.324e-05,-7.2499e-06,0.00034764,-0.00011083,0.00037338,5.0614e-05,-0.00011911,-2.876e-05,-0.00021521,-0.00017342,-4.0462e-05,-4.3153e-05,-1.4828e-05,-2.6574e-05,8.314e-05,-9.7658e-05,-0.00014755,6.4581e-05,-0.00018774,-5.7762e-05,-0.0001283,0.0001526,-4.0674e-05,8.0037e-05,-5.6508e-05,0.00013287,-5.5446e-06,-0.00021864,-5.8027e-05,-6.318e-05,0.00011625,6.7304e-05,0.0001281,0.00022672,7.1475e-05,-0.00029274,0.0001608,0.00011366,-0.00020065,6.3873e-05,-6.9642e-05,-0.00011398,0.0001231,9.0546e-05,-5.5065e-05,-8.0071e-06,-0.00018977,9.8609e-05,5.0364e-05,0.00018359,0.00016909,0.00038166,2.7979e-05,-8.0709e-05,3.8371e-05,5.028e-05,-0.00032394,-0.00012871,-1.8327e-05,0.00022021,0.00010114,2.4179e-05,0.00023752,0.00020039,-0.0001967,-5.2996e-05,5.7824e-05,0.00032173,1.183e-05,9.2623e-05,0.00037919,-9.2368e-06,-7.7984e-05,-9.1269e-05,-8.2966e-05,0.00014223,7.2107e-05,0.00018756,0.00011945,0.00017353,-0.0001008,6.4367e-05,-0.00015715,0.00023576,-0.00016765,0.00018061,9.4113e-05,-0.0001191,0.00019529,0.00011564
0.00011832,9.6179e-05,-9.6941e-05,-2.1712e-05,0.00017844,0.00011198,-0.00013635,-0.00019361,-0.00031551,0.03997,-1.4633e-05,9.2477e-05,-0.00038859,-9.5865e-05,-0.00014001,-3.2815e-05,6.2841e-05,3.947e-05,0.00029019,0.00027769,0.00011338,-9.4792e-05,-8.5388e-06,-0.00010318,-4.1861e-05,0.00010316,0.00011742,2.3639e-05,8.6736e-05,-5.1067e-05,0.00017034,-0.0001959,3.7959e-05,-0.00010391,6.6007e-06,-0.0001287,-0.00011808,0.00018441,9.5107e-05,-0.00020815,-0.00027136,-0.00023032,-0.00010405,-0.00020722,2.6673e-05,-1.3093e-05,-0.00010382,0.00013472,0.00028471,-9.7465e-05,3.2715e-05,0.00019641,-0.00016043,-0.00010662,-5.8941e-05,3.8059e-06,0.00014516,5.5487e-05,-1.9267e-05,-0.00010937,-0.00021336,-0.00029573,-0.0001433,-1.5721e-05,-0.00016181,-5.7606e-05,0.00037721,0.00017241,-0.00011622,-0.00017055,-0.00011678,-9.7669e-05,-0.00020557,-0.00015854,0.00041006,-0.00014107,-6.2073e-05,-0.00030227,0.00021689,-0.00011883,-0.00037864,-0.0001046,0.0001578,-5.1425e-05,4.4799e-06,-0.00014138,1.9304e-05,-0.00025862,-0.00012724,2.2954e-05,0.00011585,-2.2045e-05,0.00024271,-0.00014416,0.0001048,-0.00010612,-4.5945e-05,4.0127e-05,-0.00014803,-0.00021819
0.00032378,-0.00014856,-4.1576e-05,1.1119e-05,-5.4685e-05,0.00027266,0.00010835,0.0003027,2.324e-05,-1.4633e-05,0.03991,-8.8763e-07,0.00011198,-5.2694e-05,-4.1003e-05,9.4348e-05,-0.00035244,-7.7211e-05,6.4576e-06,-9.2389e-05,-0.0001555,0.000289,-0.00044085,-0.0001344,-6.231e-05,1.8105e-05,-2.9898e-06,-0.00015436,2.5666e-05,-4.1177e-05,-0.00011517,-3.9039e-05,0.00020956,-3.3353e-05,6.9404e-05,-5.3947e-05,-0.00023383,-0.00020245,1.0463e-05,-2.7594e-05,-4.92e-06,-0.00014409,6.7866e-05,0.00011369,0.00012784,0.00025094,2.293e-05,-0.00013805,-0.0001526,2.3553e-05,5.368e-05,0.00018083,0.00010318,0.00010763,0.00018116,-8.8392e-05,-7.6267e-05,4.277e-05,-5.3503e-05,-0.00013764,2.9322e-05,-0.00021254,8.9319e-05,0.00020329,-1.5183e-05,-3.7394e-06,-0.00032826,-0.00030096,-0.0001964,7.387e-05,0.00013281,2.9436e-07,-0.00024125,-1.924e-06,-1.2397e-05,8.0349e-05,-6.816e-05,0.00012422,-0.00036363,-4.421e-05,0.00024782,1.6685e-05,-2.7402e-05,-4.2548e-05,-8.6392e-05,-4.7639e-05,0.00017351,-0.00010051,-8.1464e-05,-3.2884e-05,-0.00021275,-8.146e-05,-5.7489e-05,8.8423e-05,-6.3121e-05,3.2923e-05,9.4906e-05,-0.0001502,-0.00016423,0.00020676
-8.5059e-05,0.00015317,5.7709e-05,-0.00012929,2.1826e-05,4.4858e-05,-4.971e-05,0.00010118,-7.2499e-06,9.2477e-05,-8.8763e-07,0.039887,4.0987e-06,4.3019e-05,-0.00014524,-1.5862e-08,0.00017528,0.00015211,1.9944e-05,1.7706e-05,-9.9025e-05,5.6914e-05,0.00017696,8.5595e-05,2.2863e-05,0.00019112,0.0001984,0.0001453,-0.00020973,-1.47e-05,0.00010652,-0.00018988,-7.7326e-06,-0.00011942,0.00013931,-9.1812e-05,3.8618e-06,0.0001276,8.1447e-05,3.1145e-05,-3.292e-05,-5.4186e-05,-0.00017278,-0.00027532,5.5515e-05,-0.00013501,0.00010429,0.00015852,0.00025328,-5.9836e-05,-8.4074e-05,-5.1778e-05,9.6645e-05,0.00011297,0.00013778,5.9873e-05,1.96e-05,5.8598e-05,0.00029242,0.00017461,-0.00029385,-0.00022282,-0.00030052,8.1765e-05,1.7291e-05,-6.7373e-06,5.7199e-05,0.00031886,0.00012499,-2.4166e-05,4.7633e-05,-8.1136e-05,0.0001555,0.00018571,0.00037268,-2.2643e-05,-0.00012325,7.0556e-06,0.00022851,0.00018659,6.4301e-06,-1.7275e-05,0.00010589,-8.1029e-05,5.4919e-05,0.00010336,-9.9251e-05,6.1939e-05,5.7776e-06,2.6895e-05,0.00015291,0.00015219,0.00021363,7.1428e-06,0.00017745,-7.6531e-05,8.8293e-05,0.0002468,0.00011361,-0.00021753
0.00015678,1.7099e-05,-0.00027443,-0.0004185,-0.00027116,-0.00024436,0.00052862,0.0005209,0.00034764,-0.00038859,0.00011198,4.0987e-06,0.040612,-0.00012531,4.4011e-05,0.00012542,9.2922e-05,6.7413e-05,-0.00045346,-0.00031442,-0.00036704,0.00012362,-0.00012933,-0.00012914,0.00015146,-9.0347e-05,-0.00010066,0.00010208,0.00033698,0.00023324,-1.534e-05,0.00017464,-0.00013054,0.00014648,0.0001981,0.00011136,0.0001836,9.8843e-05,-0.0002295,0.00012495,0.00072112,5.9704e-05,5.8499e-06,0.00037913,0.00015216,-0.00043489,0.00015857,-0.0002923,-0.00026336,0.00044011,-0.00018389,-0.00029841,6.3008e-05,0.00026255,0.00016719,0.00043074,-0.00019538,-0.00014548,0.00041271,0.00013834,7.8954e-05,0.00041872,0.00032778,-0.00038723,0.00010635,1.1808e-05,-0.00074205,-0.00037012,0.00012799,0.00044067,0.00020958,3.0635e-05,0.00051153,0.00038927,4.4668e-06,-0.00023596,-0.00012943,0.00052638,9.5103e-06,-8.1127e-05,0.00058553,-5.7478e-05,-0.00026799,7.584e-05,-0.00024429,0.00025347,6.2167e-05,2.1573e-05,0.00012721,1.9051e-05,-0.0003653,9.2261e-05,-0.00031191,0.00024169,-0.00010989,2.4018e-06,0.00028503,-6.4514e-06,0.00036964,0.00016459
-7.6871e-05,-5.4069e-06,-5.1129e-05,4.1806e-05,-7.4917e-05,-4.7162e-05,-0.00015698,-5.4555e-05,-0.00011083,-9.5865e-05,-5.2694e-05,4.3019e-05,-0.00012531,0.040098,-0.00018539,1.1718e-05,1.6995e-05,-0.00020692,4.2812e-05,-1.7848e-05,0.0002811,8.3335e-05,6.5777e-05,0.00012954,0.00017027,0.00011181,-0.0002097,8.6673e-07,-8.1018e-06,-1.857e-05,-0.00016767,0.00031908,-1.0093e-05,0.00010982,8.6675e-05,-7.4705e-05,0.00012051,0.00018306,-0.00017731,0.00022821,-7.941e-05,0.00034944,0.00014931,-9.676e-05,-0.0001029,3.4228e-05,-0.00033867,-0.00029393,-0.0002354,9.8655e-05,-3.8139e-05,0.00010504,-9.3059e-05,6.7617e-07,1.8408e-05,0.00025544,0.00016777,0.00015257,-4.0173e-05,-0.00013667,-5.218e-05,-0.00012532,-0.00015977,9.0044e-05,0.00022579,-0.00018289,4.5788e-05,2.4792e-05,-0.00012146,1.3579e-05,0.00040743,8.5579e-05,-0.00020476,0.00016788,-4.1515e-05,4.1197e-05,-3.8507e-05,0.00015344,1.1912e-05,1.8791e-05,-0.00043553,-4.6484e-05,0.00019399,-0.00019428,0.00026944,-5.5658e-06,0.00013917,5.7083e-05,-0.00012577,-0.0001409,2.9787e-05,4.6489e-05,-0.00012026,-0.00016986,-0.0002096,-0.00017663,9.772e-05,3.415e-05,7.3039e-05,3.6337e-06
1.6631e-05,1.2607e-05,0.00019547,0.00012987,-4.1418e-05,-0.00011275,0.00032211,-3.4949e-05,0.00037338,-0.00014001,-4.1003e-05,-0.00014524,4.4011e-05,-0.00018539,0.040091,-6.2997e-05,2.5908e-05,0.0001273,-0.00010833,-0.00019772,-0.0001282,-0.00025172,0.0001878,-0.00012105,4.365e-05,-0.00024914,-0.00010651,0.00011699,-0.00024407,-7.8037e-05,-0.00015407,0.00012797,-1.9477e-05,-9.24e-05,-0.00010166,0.00016671,-0.00014906,-0.00025328,8.5699e-06,-0.00011015,-0.00012644,0.00013052,7.7515e-05,5.6251e-05,0.00026776,-0.00013789,0.00033352,0.00015453,-9.1851e-05,-0.00013315,-0.00011521,-0.00023014,4.0851e-05,-0.0001999,-5.6832e-05,-0.00017562,-0.00014378,5.6075e-05,-9.8331e-05,0.00011771,3.531e-05,0.00034149,3.8058e-05,-0.00019444,-5.8588e-05,8.5339e-05,-8.4298e-05,0.00013247,0.00020509,6.6614e-06,-0.00026858,0.0001481,-2.9965e-05,0.00010169,-0.00015903,0.00015887,-3.7241e-05,0.00011586,0.00011264,8.4394e-05,0.00017344,-9.5252e-05,-0.00022904,-1.3678e-05,-8.3656e-05,-0.00014409,-0.00012974,-0.00013721,0.00024806,3.0016e-05,0.00010936,-0.00011135,-1.1406e-05,0.00015612,-0.00012935,0.00032635,6.0598e-05,-0.00019776,0.00012748,-7.4354e-05
5.053e-07,-7.7733e-05,8.1626e-05,-0.00015157,-0.00024372,5.2722e-05,-0.00020406,0.00018178,5.0614e-05,-3.2815e-05,9.4348e-05,-1.5862e-08,0.00012542,1.1718e-05,-6.2997e-05,0.039966,-9.4973e-05,-0.00020844,-0.00021126,-2.456e-05,0.00010704,0.00010508,2.2063e-05,0.00015451,-2.7776e-05,1.7274e-05,-7.6129e-05,7.9356e-05,-9.4494e-05,7.6089e-05,0.00013954,-0.0001026,0.00012527,0.00010323,6.0458e-05,-0.00021147,5.4543e-05,0.00022435,-8.5103e-06,1.7051e-05,5.2907e-05,-0.0001878,0.00014084,3.5508e-05,-7.7557e-05,-0.00013579,-8.0536e-05,1.6448e-05,0.00026216,-0.0001508,-9.1418e-05,1.2162e-06,0.00020201,0.00028527,1.6769e-05,4.0581e-05,-0.0001275,0.00012707,0.00026074,8.5687e-05,-0.00017069,2.6087e-05,-0.00013044,-2.6964e-05,6.0853e-05,3.638e-05,-0.0002952,-2.6738e-05,-0.00037884,9.7917e-05,0.00013025,-2.7815e-06,0.00018936,-0.0001195,0.00012627,-0.00016921,-1.5803e-05,0.00012939,9.5593e-06,-6.3505e-05,0.0002931,4.0842e-05,4.1804e-05,-0.00013983,9.0714e-05,3.6655e-05,-2.5652e-05,0.0002063,9.7356e-05,-6.8615e-05,7.2697e-05,-0.00011433,0.0001113,0.00012264,5.855e-05,-6.8172e-05,0.0001962,-3.7107e-05,-1.915e-05,-6.6206e-06
-0.00019823,0.00015269,4.7259e-05,-0.00022743,-7.4608e-06,-0.00014779,-3.6926e-05,-8.3335e-06,-0.00011911,6.2841e-05,-0.00035244,0.00017528,9.2922e-05,1.6995e-05,2.5908e-05,-9.4973e-05,0.039859,0.00028173,-1.815e-05,7.4117e-05,3.0186e-05,-0.00021019,0.00052444,4.524e-05,0.00016285,6.9609e-05,6.0852e-05,0.00011353,1.0524e-05,0.00022477,8.5302e-05,7.0497e-05,-0.0002459,-4.8852e-05,0.00010265,2.1769e-05,0.00014678,0.00033447,2.6038e-05,6.206e-05,4.2437e-05,9.1178e-05,-0.00012201,-0.00012319,6.6851e-08,-0.0002751,0.00010117,5.7148e-05,0.00021979,8.6064e-06,-0.00014708,-0.00017531,-5.8524e-05,1.6148e-05,-1.2422e-05,0.00026463,3.6519e-05,-3.8322e-05,0.00027661,7.6366e-05,-0.0002601,9.6015e-05,-0.00018726,-0.00032262,-4.4097e-05,-5.3372e-05,0.00025322,0.00029955,0.00020179,6.9403e-05,-0.0001012,4.0603e-05,0.00027525,0.00013136,0.00038645,-7.103e-05,-0.00012968,1.0311e-05,0.00055999,-3.0368e-05,-0.00019662,-0.00014611,9.1027e-05,-3.7824e-05,4.183e-05,5.4479e-05,-0.00017798,0.00010226,2.0142e-05,-1.6012e-05,0.00023327,6.4371e-05,9.0967e-05,-1.2169e-05,0.00011645,-7.1812e-05,0.00015074,0.00023743,0.0002117,-0.00025438
-0.00015282,4.3607e-05,8.4669e-05,-7.9078e-05,9.3409e-05,0.00021208,9.3298e-05,0.00023126,-2.876e-05,3.947e-05,-7.7211e-05,0.00015211,6.7413e-05,-0.00020692,0.0001273,-0.00020844,0.00028173,0.040112,5.1666e-05,-5.1708e-05,-0.00016692,-0.00027012,0.00046032,1.5504e-05,8.7562e-05,3.4982e-05,5.8065e-05,8.366e-05,-0.00019492,9.6136e-05,6.316e-05,-1.1155e-05,-9.2144e-05,-0.00016921,0.00012765,-8.3283e-05,0.00011038,0.00015047,0.00011832,-0.0002042,-8.9947e-05,-0.0002052,1.236e-06,-0.00020747,9.1159e-05,-7.1969e-05,0.00042808,0.00027503,0.00011018,-5.6759e-05,-0.00017444,-9.7704e-05,9.0536e-05,-0.000128,7.8078e-05,-9.3353e-05,-0.00023532,-0.0001989,0.00030246,0.00014202,-0.00038591,8.6453e-05,-0.00019413,-0.00033686,-0.00014245,0.00011744,0.00012747,0.00028432,0.00023875,2.7002e-05,-0.0002447,0.00015672,5.9092e-05,9.5053e-05,0.00039869,2.3901e-05,-0.00019892,-8.546e-05,0.00032926,6.7877e-05,0.00023012,-0.00010036,-9.4734e-05,-4.9721e-05,-5.6686e-05,-8.4895e-05,-0.00017783,0.00016369,-7.0731e-07,4.5482e-05,0.00036911,-1.7013e-05,0.00029653,4.7063e-05,0.00014602,8.9826e-06,0.00011472,-5.2415e-06,0.00012307,-0.00019501
3.2582e-05,8.3919e-05,-5.8022e-05,0.00024226,0.00020495,0.00025184,-0.00015481,-0.00025564,-0.00021521,0.00029019,6.4576e-06,1.9944e-05,-0.00045346,4.2812e-05,-0.00010833,-0.00021126,-1.815e-05,5.1666e-05,0.039895,0.00014851,0.00011239,-6.3652e-05,0.00018184,5.9918e-05,-6.1549e-05,7.5602e-07,4.5874e-05,-7.8628e-05,-1.7424e-06,-4.2268e-05,-4.9501e-05,-2.1967e-05,0.00010199,-1.1294e-05,-9.9038e-05,-4.0897e-05,-5.9683e-05,-9.2727e-05,8.1456e-05,-0.00013542,-0.00040937,8.0143e-05,-8.4314e-05,-0.00030454,-5.0891e-05,6.4757e-05,-0.00012979,-0.00012156,-0.00014025,-0.00019416,-5.2694e-05,0.00013085,-0.00012214,-0.00028865,-4.4324e-05,-0.00014108,9.3402e-05,4.9646e-05,-5.8731e-05,-7.3886e-05,-1.2234e-05,-0.00033896,-0.00013753,0.00017016,-5.973e-05,-7.8314e-05,0.00031497,0.00017077,-0.0001087,-0.00023849,-4.8782e-05,-8.9404e-05,-0.00032834,-0.00017582,0.00012824,0.00020899,1.6089e-05,-0.00019344,0.0001447,0.00015706,-0.00044469,9.4628e-05,0.0001058,-0.00013957,8.7948e-05,-0.00021394,-0.00011521,-8.7563e-05,-0.00024618,0.00013589,0.00015722,-5.4296e-05,0.00014555,-0.00011423,1.251e-05,5.1767e-05,-0.00018618,-1.0062e-05,-0.00011893,-0.0001402
7.1662e-05,-7.9179e-05,-0.00010139,-3.478e-05,0.00010468,7.4172e-05,-0.00041577,-0.00032754,-0.00017342,0.00027769,-9.2389e-05,1.7706e-05,-0.00031442,-1.7848e-05,-0.00019772,-2.456e-05,7.4117e-05,-5.1708e-05,0.00014851,0.03995,0.00024753,-0.00017468,8.6386e-05,6.2585e-05,-0.00013274,8.9254e-05,0.00012652,-8.3818e-05,-3.5906e-05,-0.00019861,0.00010254,-0.00029025,3.9622e-05,7.9248e-05,-2.2924e-05,-0.00014993,9.7343e-05,0.00010358,0.00023542,-7.2491e-05,-0.00020743,-0.00020387,-0.00013907,-0.00028647,-0.00011509,0.00023975,-0.00024503,0.00010293,0.00023239,-0.0003049,0.00015813,0.00013063,-0.00010705,1.394e-05,3.2598e-05,-0.00012598,9.5891e-05,5.355e-05,-4.0962e-05,-0.00010063,-0.00011625,-9.2848e-05,-5.6898e-05,-3.379e-05,-2.2711e-05,-6.9401e-06,0.00026503,0.00021423,-0.0002927,-0.00010136,4.5349e-06,-7.3448e-05,-0.00020948,-0.00033163,3.3159e-05,-8.2429e-06,1.32e-05,-0.00017774,0.00020194,8.498e-05,-0.00032787,0.00015735,0.00021821,-6.9435e-05,-7.9019e-05,-2.3013e-05,-0.00012168,0.0002235,-5.0678e-05,-6.0324e-05,7.3903e-05,-5.4768e-05,0.00020389,-4.7297e-05,6.7955e-05,-8.5767e-05,-4.7923e-05,-5.0365e-05,-8.413e-05,-0.00014974
-0.00010704,-0.00011452,0.00018315,3.7469e-05,9.7231e-05,-0.00013501,-0.00031204,-0.00042367,-4.0462e-05,0.00011338,-0.0001555,-9.9025e-05,-0.00036704,0.0002811,-0.0001282,0.00010704,3.0186e-05,-0.00016692,0.00011239,0.00024753,0.039982,-8.0904e-05,0.00033583,8.4959e-05,0.00011665,-8.8279e-05,-0.00012804,0.00010094,-4.0421e-05,4.7556e-06,3.6377e-05,8.3902e-05,1.8323e-05,-5.0881e-05,-0.00025048,-0.00010919,0.00023819,0.0001866,0.00013439,1.258e-05,-0.00037916,-4.3383e-05,1.9641e-05,-0.00016188,-0.0001898,9.9727e-05,-0.00030688,6.6268e-05,0.000194,-0.00045036,6.1198e-05,9.8046e-05,-2.182e-05,-4.9251e-05,-7.1016e-05,5.1183e-05,0.00017614,0.0002242,-0.00010906,-7.7056e-05,-0.00022451,3.4414e-05,-0.0001498,4.2894e-06,0.00018611,-7.583e-05,0.00011949,0.00014437,-0.00041107,-4.6987e-06,5.545e-05,2.3946e-05,-0.00013393,-0.00024357,-0.00013392,-8.6296e-05,9.5839e-05,1.2033e-05,0.00011238,9.7766e-06,-0.00038633,0.00010792,0.00015947,-0.00021642,0.0002692,-2.5013e-05,-8.7236e-05,0.00026446,2.7193e-05,-3.0545e-05,0.00025599,-0.00012168,8.9252e-05,-6.439e-05,-7.0167e-05,4.6223e-05,0.00011494,-5.3767e-06,6.7552e-05,-0.00020227
5.526e-05,-5.5976e-06,-2.5057e-05,1.9005e-05,-0.00010424,0.00010111,-2.3882e-05,0.00025227,-4.3153e-05,-9.4792e-05,0.000289,5.6914e-05,0.00012362,8.3335e-05,-0.00025172,0.00010508,-0.00021019,-0.00027012,-6.3652e-05,-0.00017468,-8.0904e-05,0.039956,-0.0004801,-0.00012399,-7.2038e-05,9.1205e-05,4.6667e-05,-0.00012793,0.00016543,3.1325e-05,4.4417e-05,6.8201e-05,-3.8559e-06,2.7667e-05,7.0171e-05,-7.2478e-06,-0.00014397,-0.00014297,-3.8953e-05,0.00014596,0.00026504,-4.2684e-06,2.3951e-05,0.00012001,-0.00014056,5.1034e-05,-0.00017223,-0.00021096,-0.00021751,0.00022817,0.00013545,-2.9515e-05,4.9924e-05,0.00016943,6.0352e-05,6.3849e-05,1.5605e-05,7.4223e-05,5.9416e-06,-3.3556e-05,0.00014628,-0.00023241,0.00022266,0.00033963,0.00014932,-1.5164e-05,-0.00021165,-0.00029475,2.3038e-05,5.6815e-07,0.00013104,-4.401e-05,1.8266e-06,6.3398e-06,-6.4751e-05,-0.00012663,5.6518e-05,0.00010747,-0.00043221,6.0038e-05,0.00010206,-5.2659e-07,-6.749e-05,5.5552e-05,-2.8774e-06,6.0945e-05,0.00029513,-0.00015209,-4.5844e-05,1.8375e-05,-0.00016507,0.00014306,-0.00019805,1.8762e-05,5.2633e-05,-0.000148,-2.9419e-05,-3.1098e-05,-6.3526e-05,0.00031727
-0.00033689,3.8449e-05,0.00023857,-0.00012248,6.0805e-05,-9.4283e-05,-8.4e-05,-0.00025597,-1.4828e-05,-8.5388e-06,-0.00044085,0.00017696,-0.00012933,6.5777e-05,0.0001878,2.2063e-05,0.00052444,0.00046032,0.00018184,8.6386e-05,0.00033583,-0.0004801,0.040694,0.0003958,0.0002835,-3.9926e-05,2.7466e-05,0.00027302,-0.00024402,0.00029214,0.00014298,0.00014297,-9.2156e-05,-3.5142e-05,-0.00015053,-0.00019438,0.0004845,0.00053383,7.2202e-05,-0.00013606,-0.00035532,0.00010579,9.582e-05,-0.0004203,-8.3949e-05,-0.00035094,7.8111e-05,6.4659e-05,0.00032563,-0.00044097,-0.0003401,-0.00014038,0.00016673,-0.00011761,-0.0001068,7.81e-05,-0.00016389,-2.5471e-05,0.00049998,0.0002584,-0.00066764,0.00024802,-0.0003131,-0.00045315,0.00011793,-2.975e-05,0.00021755,0.0005095,-0.00014626,-1.7897e-05,-0.00020129,0.00014269,6.4073e-06,9.6688e-05,0.00035585,-9.5917e-06,-7.2793e-05,0.00010019,0.00070829,0.00018768,-0.00013716,-4.9613e-06,4.269e-05,-0.00046949,0.0004718,1.3956e-05,-0.0004347,0.00052761,2.8164e-05,0.00012218,0.00068911,-0.00011347,0.00021442,3.5469e-05,-5.489e-06,8.0141e-05,8.6684e-05,6.7358e-05,0.00047324,-0.0004637
-0.0003342,8.3918e-05,-9.7196e-05,0.00022712,3.0352e-05,7.9488e-05,-0.00022214,-4.7539e-05,-2.6574e-05,-0.00010318,-0.0001344,8.5595e-05,-0.00012914,0.00012954,-0.00012105,0.00015451,4.524e-05,1.5504e-05,5.9918e-05,6.2585e-05,8.4959e-05,-0.00012399,0.0003958,0.040116,-0.00011314,8.7005e-05,-0.00011747,0.00019297,-0.00016018,8.4303e-05,-2.1241e-05,-0.00013425,0.00013676,0.00033199,2.172e-07,-0.00023241,0.00024978,0.00018852,-6.2503e-05,1.4713e-05,-0.00027935,0.00021317,0.0001414,-0.00024649,-0.00012163,-0.00027735,-0.000131,-7.4698e-05,-4.3634e-05,-0.000159,-7.046e-05,0.00014045,0.00021108,0.00012724,5.4469e-05,7.7495e-05,-0.0001459,-0.00011738,0.00019369,0.00035735,-5.4751e-05,0.00010044,-0.00015565,-1.7154e-05,8.6666e-05,-0.00015457,-8.7897e-05,-1.0434e-05,-0.00026121,0.00015687,0.00025348,0.00010665,-3.7562e-05,-6.3719e-06,-8.4345e-05,-0.00010233,6.9126e-05,1.823e-05,0.00015312,0.00016391,7.9992e-05,-1.1758e-05,7.098e-05,-0.00023497,0.00037671,0.000167,-3.7156e-05,0.00048323,-0.00017612,-2.1587e-05,0.00032121,-1.2903e-05,5.3865e-05,5.4482e-06,-7.9642e-05,-3.2113e-05,-0.00015247,0.00013446,0.00018444,-0.0001568
-2.4772e-05,2.8421e-05,7.2713e-06,-0.00014852,-6.5997e-05,-0.00014326,0.00012429,-1.2516e-05,8.314e-05,-4.1861e-05,-6.231e-05,2.2863e-05,0.00015146,0.00017027,4.365e-05,-2.7776e-05,0.00016285,8.7562e-05,-6.1549e-05,-0.00013274,0.00011665,-7.2038e-05,0.0002835,-0.00011314,0.039807,-5.1422e-07,-0.00010181,6.718e-05,1.4081e-05,0.00017957,2.137e-05,0.00039655,-0.0001376,-5.2264e-05,4.3852e-05,-5.3944e-05,0.00017446,0.00018495,-1.9132e-05,-6.4348e-05,-4.1684e-06,0.00013339,0.00016998,5.3652e-06,6.1166e-05,-0.00016547,8.9625e-05,1.1824e-05,1.2854e-05,7.009e-05,-0.00014089,-0.00011188,-2.2098e-05,-0.00014948,-1.0418e-05,0.0001161,-2.8715e-05,4.2901e-05,0.0002203,-4.0045e-05,-0.00028014,0.00014802,-0.00020159,-0.00018675,2.2694e-05,4.6907e-05,-7.2181e-05,0.00016488,-5.4276e-06,7.8715e-05,8.3103e-05,3.1971e-05,0.00010345,0.00013659,0.00010957,-7.516e-06,-9.1036e-05,0.00014954,0.00022529,2.6193e-05,-4.1188e-05,-0.00011387,-8.0364e-05,-8.3933e-05,3.9528e-05,-1.2649e-06,2.1298e-05,-2.6659e-05,0.00013465,-3.7842e-05,9.3303e-05,-7.3999e-05,-7.4484e-05,5.7193e-05,-5.3351e-05,7.928e-05,0.00025119,6.6665e-05,0.00019375,-5.4082e-05
3.2418e-05,4.4092e-05,-0.00014563,-6.4718e-05,1.8494e-05,1.8611e-05,-0.00014783,0.00011128,-9.7658e-05,0.00010316,1.8105e-05,0.00019112,-9.0347e-05,0.00011181,-0.00024914,1.7274e-05,6.9609e-05,3.4982e-05,7.5602e-07,8.9254e-05,-8.8279e-05,9.1205e-05,-3.9926e-05,8.7005e-05,-5.1422e-07,0.039767,0.00016116,-4.9626e-05,-6.9009e-05,3.8324e-05,0.00011616,-2.7016e-05,-7.1115e-05,2.4719e-05,0.00016829,-0.0001345,7.4994e-05,0.00019579,-1.1667e-05,7.115e-06,2.8478e-06,-0.00011403,7.162e-05,-0.00015253,-0.00010605,-2.4744e-05,-8.0196e-05,2.9729e-05,5.4534e-06,4.0343e-05,1.8228e-05,0.00020558,-8.1254e-05,4.6677e-05,1.6107e-05,2.589e-05,-1.3991e-05,-0.00011925,0.00018809,-6.7623e-05,-3.5686e-05,-0.00010096,-0.00017689,6.5484e-05,-5.6536e-05,-6.6315e-05,0.00011323,2.6368e-05,4.0746e-06,8.6376e-05,0.00022318,-4.3333e-05,-7.3667e-05,8.7109e-05,0.00017528,-0.00011819,1.3271e-05,-7.3812e-05,6.1687e-05,2.3935e-05,3.0553e-05,-7.0929e-05,0.00015908,-4.5621e-05,5.354e-05,0.00012643,5.8662e-05,0.00025129,-6.1661e-05,2.2753e-05,-3.9908e-05,1.8206e-06,-2.4086e-05,-9.8448e-05,5.053e-05,-0.00013458,-2.199e-05,0.00014024,-2.9249e-05,-5.4585e-05
0.00011223,2.762e-05,4.4852e-05,-0.0002319,0.00010996,8.8303e-05,-3.974e-05,-6.0135e-05,-0.00014755,0.00011742,-2.9898e-06,0.0001984,-0.00010066,-0.0002097,-0.00010651,-7.6129e-05,6.0852e-05,5.8065e-05,4.5874e-05,0.00012652,-0.00012804,4.6667e-05,2.7466e-05,-0.00011747,-0.00010181,0.00016116,0.039956,7.588e-06,-6.1442e-05,2.6293e-05,0.00017994,-0.00025664,-5.7304e-05,-0.00024821,4.7776e-05,2.4754e-05,6.8092e-05,4.4583e-05,0.00011181,5.5983e-05,-1.0051e-05,-0.00021017,-6.8671e-05,-0.00024279,-8.9094e-05,0.00022089,3.6136e-05,8.9646e-05,0.00032784,-8.5318e-05,0.00016459,-2.586e-06,8.1881e-05,3.0437e-05,8.0752e-05,-0.00022114,2.5484e-05,-0.00014291,0.00013082,-0.000128,-7.8278e-05,-0.00019728,-5.1581e-05,0.00016549,-0.00014154,0.00010916,0.0001418,0.00015487,0.0002841,-0.00019234,-0.00012389,-0.00018421,4.8987e-05,3.2977e-05,0.00011534,9.4679e-05,-2.657e-05,-0.00015051,-5.4614e-05,0.00011298,0.00014217,0.00010641,8.5633e-05,-3.9688e-05,-1.0738e-05,1.5979e-06,-0.00011127,-3.7064e-05,9.917e-05,9.7585e-05,-3.6867e-05,0.00012761,0.00013859,-0.0001466,0.00036108,-8.115e-05,-0.00018523,8.3584e-05,7.444e-05,-8.5844e-05
-0.00010717,0.00011569,2.0836e-05,0.00010226,5.7693e-05,-6.1903e-05,0.00011276,-6.1007e-05,6.4581e-05,2.3639e-05,-0.00015436,0.0001453,0.00010208,8.6673e-07,0.00011699,7.9356e-05,0.00011353,8.366e-05,-7.8628e-05,-8.3818e-05,0.00010094,-0.00012793,0.00027302,0.00019297,6.718e-05,-4.9626e-05,7.588e-06,0.039729,-0.00011828,9.9121e-05,5.7688e-05,-4.6335e-05,2.8086e-05,1.0136e-05,-5.6773e-05,-0.00015285,0.00016689,9.6091e-05,5.7575e-06,-9.6807e-05,-9.6202e-05,2.2973e-05,9.501e-05,-0.00026722,2.2052e-05,-0.00030095,3.8729e-05,9.7209e-05,0.00017242,-0.00015381,-0.00019683,-8.3537e-05,0.00012336,5.6979e-05,6.0294e-05,4.0075e-05,3.2813e-05,-1.5222e-05,0.0002786,0.0002584,-0.00024279,6.5153e-05,-0.00017248,-6.7125e-05,-3.18e-05,4.7018e-05,-2.3238e-05,0.0001479,-6.1638e-05,3.8263e-05,-2.7507e-05,1.0293e-05,0.000148,0.00010349,9.3578e-05,-0.00010539,-5.9741e-05,5.5055e-05,0.00023383,0.00014961,7.5752e-05,1.1268e-05,-3.0186e-05,-0.00020263,0.00027143,-1.9179e-05,-0.00015623,3.6032e-05,2.4095e-05,-9.7295e-06,0.00024057,-1.2657e-05,0.00017682,0.00010068,6.6615e-05,0.00013479,7.6158e-05,0.00011423,0.00025016,-0.00027518
0.00013772,2.1758e-05,-0.00023876,-0.00027569,-6.2475e-06,-0.00010687,8.2954e-05,0.00011143,-0.00018774,8.6736e-05,2.5666e-05,-0.00020973,0.00033698,-8.1018e-06,-0.00024407,-9.4494e-05,1.0524e-05,-0.00019492,-1.7424e-06,-3.5906e-05,-4.0421e-05,0.00016543,-0.00024402,-0.00016018,1.4081e-05,-6.9009e-05,-6.1442e-05,-0.00011828,0.040073,0.00016269,7.1237e-05,-5.3995e-05,-0.00019103,0.00016869,-7.089e-05,0.00017845,-5.662e-05,0.00012209,-0.00021465,0.00014364,0.00049293,3.3603e-05,-0.00019969,0.0002436,-1.0493e-05,-1.5527e-06,-0.00023755,-0.00031572,-0.00014045,0.00037632,0.00011652,-1.4368e-05,-6.7343e-05,0.0002116,6.8933e-05,0.00055483,0.00021414,3.2927e-05,-0.00012311,-0.00022826,0.00020013,-0.00011585,0.00031682,-5.5623e-05,-5.3628e-05,-7.6193e-05,-0.00013784,-0.00031571,-6.5131e-05,-1.9627e-06,4.5606e-05,-0.00013151,0.00020789,-6.8906e-05,0.00010279,-0.00012304,-6.4517e-05,6.0752e-06,-8.5e-05,-0.00021909,-0.00014462,3.7195e-05,-6.2543e-06,0.00030428,-0.00021758,0.00013598,4.0981e-05,-0.00041514,-0.00012002,-0.00014202,-0.00045872,0.00019639,-0.00015046,5.4809e-05,0.00010081,-0.00021829,-0.00015028,7.3855e-05,-8.057e-05,0.00022287
-5.395e-05,9.1285e-05,-7.5064e-05,-0.000212,8.3354e-06,-1.0705e-05,1.6184e-05,0.00010481,-5.7762e-05,-5.1067e-05,-4.1177e-05,-1.47e-05,0.00023324,-1.857e-05,-7.8037e-05,7.6089e-05,0.00022477,9.6136e-05,-4.2268e-05,-0.00019861,4.7556e-06,3.1325e-05,0.00029214,8.4303e-05,0.00017957,3.8324e-05,2.6293e-05,9.9121e-05,0.00016269,0.039806,0.00011166,5.5096e-05,-1.9461e-05,-7.3968e-06,-1.5108e-05,-5.2271e-05,0.00013256,0.00025677,-0.00011243,0.00013148,0.00018237,3.2443e-05,-4.4023e-05,-3.8984e-08,-6.4897e-05,-0.00026676,3.0662e-05,-3.5519e-05,0.00011487,0.00013796,-0.0001016,-2.8654e-05,9.2015e-05,0.00017054,-2.0089e-05,0.00022592,5.9665e-05,3.2303e-05,0.00029104,1.9983e-05,-0.00010216,6.4805e-05,-8.8686e-05,-0.00022631,-7.8599e-05,4.82e-05,-0.0001165,-0.00013101,-1.6137e-05,5.4842e-05,-2.0459e-05,-2.7646e-05,0.00026631,6.0125e-05,0.00021082,-0.00015424,-5.01e-05,0.00014098,0.00019035,-8.9364e-05,0.00012085,-2.9073e-05,-4.7431e-05,-5.3437e-05,0.00011427,0.0001306,-6.0239e-05,3.2045e-05,-2.4938e-05,-7.2928e-06,7.2775e-05,6.9776e-05,-6.5925e-05,7.6972e-05,0.00012958,-0.00014062,-2.4471e-05,0.00012523,0.000211,-3.8246e-05
7.7246e-05,4.0408e-05,1.0269e-05,-0.00021169,-1.8828e-05,4.4727e-05,-0.00014076,-6.5651e-05,-0.0001283,0.00017034,-0.00011517,0.00010652,-1.534e-05,-0.00016767,-0.00015407,0.00013954,8.5302e-05,6.316e-05,-4.9501e-05,0.00010254,3.6377e-05,4.4417e-05,0.00014298,-2.1241e-05,2.137e-05,0.00011616,0.00017994,5.7688e-05,7.1237e-05,0.00011166,0.039793,-0.00022012,-6.164e-05,-1.5824e-05,-5.8836e-05,-2.6702e-05,4.1377e-05,0.00018093,2.0858e-05,-0.00010785,0.00014104,-0.00036506,-0.0001562,-9.8944e-05,-2.1508e-05,4.0688e-05,-4.6829e-06,0.00020763,0.00039464,-5.9735e-05,3.5323e-05,-6.1487e-05,4.864e-05,-3.1014e-05,-3.9991e-06,3.1501e-07,-0.00010551,-3.1884e-05,0.00024045,9.7538e-06,-0.00022277,-0.00010052,-1.6392e-05,4.4721e-05,-9.5864e-05,0.00012723,5.6163e-05,0.00023613,-9.5648e-05,-0.00018967,-0.00017092,-5.6143e-05,0.00023096,-0.00020994,0.00025796,-0.00018318,-0.00012226,-0.00017052,0.00015541,9.1093e-05,0.00019172,7.4549e-05,1.7839e-05,-1.0622e-05,-1.2644e-05,3.2159e-05,-0.00014642,4.9954e-05,1.4171e-05,0.00011355,7.3077e-05,-1.2258e-05,0.00012368,-4.8222e-05,0.00023155,-0.00015767,5.5758e-05,2.3852e-05,-3.8921e-05,-0.00012024
-0.0002107,-5.1823e-05,6.9451e-05,0.00018311,-0.00026326,-0.00024632,0.00049886,1.177e-05,0.0001526,-0.0001959,-3.9039e-05,-0.00018988,0.00017464,0.00031908,0.00012797,-0.0001026,7.0497e-05,-1.1155e-05,-2.1967e-05,-0.00029025,8.3902e-05,6.8201e-05,0.00014297,-0.00013425,0.00039655,-2.7016e-05,-0.00025664,-4.6335e-05,-5.3995e-05,5.5096e-05,-0.00022012,0.040356,-9.5925e-05,-0.00019288,-2.8266e-05,1.762e-05,0.00017278,0.00027021,-4.6684e-05,-0.00015671,-0.00018426,0.00022593,0.00040638,0.00025774,-4.064e-05,-0.00015483,-8.0238e-05,-0.00017932,-0.00026336,2.1892e-05,-0.00016703,-8.9858e-05,-0.00012262,-0.00025218,-9.9308e-06,8.5727e-05,-0.0002831,-8.4896e-06,5.5088e-05,5.0198e-05,-3.0959e-05,0.00027675,6.195e-05,-0.00016199,0.00026005,-6.2576e-05,-2.9142e-05,-0.00016304,0.00013179,0.00012784,0.00024122,0.00022904,-0.00018288,0.00031187,-0.00023596,-7.0002e-06,0.00028242,0.00021456,-0.00012675,-5.9216e-05,-0.00023289,-0.00020217,-0.00023768,-0.00020563,0.00033232,-2.5045e-05,0.00014018,3.4822e-05,0.00013213,5.5952e-05,0.00010892,-9.7595e-05,-0.00033369,2.72e-05,-0.00046111,0.00036484,0.00019122,-0.00011499,0.00033598,0.00016583
2.5237e-05,-4.7815e-05,-1.3591e-05,0.00026075,1.9165e-05,0.00026481,-9.9451e-06,-5.2243e-05,-4.0674e-05,3.7959e-05,0.00020956,-7.7326e-06,-0.00013054,-1.0093e-05,-1.9477e-05,0.00012527,-0.0002459,-9.2144e-05,0.00010199,3.9622e-05,1.8323e-05,-3.8559e-06,-9.2156e-05,0.00013676,-0.0001376,-7.1115e-05,-5.7304e-05,2.8086e-05,-0.00019103,-1.9461e-05,-6.164e-05,-9.5925e-05,0.039804,-2.5112e-05,-8.3148e-06,-8.8017e-05,-0.00012747,-6.7191e-05,-3.575e-05,-6.2922e-05,-0.00015193,-6.7436e-05,0.00012068,-6.0005e-05,3.0178e-05,0.00014195,-5.5276e-05,1.7511e-05,9.2956e-05,-0.00020122,-3.512e-05,0.00020693,0.00011273,2.6719e-06,3.8399e-05,-0.00017934,-5.8968e-06,5.0698e-05,-4.2243e-05,9.7734e-05,8.1025e-06,-0.00017181,-1.1441e-06,0.00014321,6.036e-05,-8.145e-06,-0.00012148,-0.00013758,-0.0002846,-5.1944e-05,0.00015994,6.995e-05,-0.00027711,-6.6209e-05,-0.00013232,0.00010403,0.00011196,-6.0012e-05,-0.00026143,6.394e-05,0.0001704,0.0001345,-3.9481e-05,-0.00019781,0.00013026,2.3734e-05,6.9811e-05,-4.5271e-05,-0.00016054,5.056e-06,3.2067e-05,-0.00013131,0.00013149,2.7316e-05,-7.4218e-05,8.4682e-05,-5.8682e-05,-0.00010041,-9.7969e-05,3.0274e-05
7.2239e-06,9.1761e-05,-0.00027576,7.2068e-05,-0.00012443,-6.5859e-06,-0.00012426,7.4991e-05,8.0037e-05,-0.00010391,-3.3353e-05,-0.00011942,0.00014648,0.00010982,-9.24e-05,0.00010323,-4.8852e-05,-0.00016921,-1.1294e-05,7.9248e-05,-5.0881e-05,2.7667e-05,-3.5142e-05,0.00033199,-5.2264e-05,2.4719e-05,-0.00024821,1.0136e-05,0.00016869,-7.3968e-06,-1.5824e-05,-0.00019288,-2.5112e-05,0.040028,4.1958e-05,-3.8843e-05,8.5596e-05,-5.6302e-05,-0.00014261,1.4374e-05,0.00019584,0.00017192,-1.3954e-05,3.3433e-05,-2.4502e-06,-0.00016923,-0.00010747,-0.00023502,-0.00027814,0.00016566,-6.2095e-06,6.177e-05,3.5026e-05,3.914e-05,1.711e-05,0.00021768,7.8447e-05,-2.5474e-05,-1.1792e-05,5.9275e-05,0.00027098,5.1861e-05,5.4947e-05,-6.3671e-06,1.5037e-05,-0.00016779,-0.00013855,-0.00016566,-0.00033696,0.00021872,0.00030182,-3.4904e-05,7.3919e-05,-9.4329e-05,-2.8937e-05,-2.8518e-05,-9.3729e-05,5.7458e-05,7.2085e-05,3.7367e-05,0.00011786,2.7484e-05,4.273e-05,-1.0705e-05,-9.1669e-05,-1.1038e-05,1.9455e-05,0.00010942,-0.00026598,-7.862e-05,-0.00011111,-1.274e-05,-8.5352e-05,0.00015577,-0.0001055,-0.00015437,-1.5618e-05,3.8262e-05,-0.00020979,5.3556e-05
7.1812e-05,9.967e-05,-0.00013825,-9.8539e-06,-0.0001227,0.00020994,-5.9595e-05,0.00033094,-5.6508e-05,6.6007e-06,6.9404e-05,0.00013931,0.0001981,8.6675e-05,-0.00010166,6.0458e-05,0.00010265,0.00012765,-9.9038e-05,-2.2924e-05,-0.00025048,7.0171e-05,-0.00015053,2.172e-07,4.3852e-05,0.00016829,4.7776e-05,-5.6773e-05,-7.089e-05,-1.5108e-05,-5.8836e-05,-2.8266e-05,-8.3148e-06,4.1958e-05,0.039846,-0.00012905,-0.00012701,1.4633e-05,-8.0665e-05,7.9633e-05,0.00016636,5.6373e-05,8.1259e-05,5.1994e-05,0.00014594,-6.63e-05,0.00017445,3.3751e-05,-0.00017191,0.00038637,-5.1482e-05,1.7558e-05,2.1197e-05,3.9366e-05,7.2642e-05,1.699e-05,4.072e-05,-8.4119e-05,0.00019079,2.8573e-05,9.5386e-06,-0.00013345,-7.9493e-05,-4.6356e-05,-2.1062e-05,-6.2601e-05,4.1167e-05,3.1975e-05,0.0001105,0.00015775,0.0001863,7.9978e-05,1.5893e-05,0.00022335,0.00011981,-3.7315e-05,-0.00018245,0.00014844,6.6497e-05,-8.2064e-05,0.0001694,-8.9107e-05,3.5674e-05,6.0333e-05,-0.00026181,-8.4544e-05,0.00017603,-6.1674e-05,-0.00011136,-0.00017726,-5.3212e-05,4.7227e-06,-5.352e-05,1.8274e-05,-8.7952e-05,-0.00015396,0.00012411,2.8918e-05,-0.00014182,2.0318e-05
