0.039688,9.3972e-05,-3.2267e-06,8.6934e-05,4.6352e-08,-5.9883e-06,-2.3257e-05,-0.00012949,-3.6442e-06,0.00012884,-5.1374e-05,2.7348e-05,-8.176e-05,2.9255e-05,4.9947e-05,6.2792e-05,0.00023169,0.00013043,-5.9724e-05,-0.00016975,6.9497e-05,6.5706e-05,4.8156e-05,-4.5395e-05,-7.9249e-05,-7.8815e-05,2.3922e-05,5.1216e-05,9.8125e-05,3.6191e-06,-3.2275e-05,1.8822e-05,-6.04e-05,9.5298e-05,-1.4763e-06,0.00011488,7.134e-05,1.3977e-05,4.7479e-05,2.3713e-05,0.00015869,0.00023905,-1.2774e-05,-0.00012351,0.00010482,-0.00011436,3.2356e-05,-6.3452e-05,-7.8906e-05,3.9049e-05,-5.3398e-05,-1.0595e-05,-5.4816e-05,0.00010394,-1.9764e-05,4.8269e-05,8.4175e-06,-6.01e-05,7.5908e-05,6.9388e-05,-8.9472e-06,0.00010172,-2.961e-05,2.4899e-05,-0.00015172,-0.00016799,-6.7952e-05,-8.7893e-05,-2.5541e-05,0.00019176,0.00023823,8.0144e-05,0.00018947,-0.00014842,-1.4594e-05,-0.00020461,-1.6349e-05,-5.0926e-05,-2.1033e-05,1.3979e-05,-3.8877e-05,2.158e-05,0.00011702,6.945e-06,4.2124e-05,8.698e-05,-0.00016111,0.00013626,3.3939e-05,0.00016237,-4.7203e-05,-4.4688e-05,-0.00012482,4.2549e-05,9.4703e-06,-0.00014295,-7.1455e-05,-3.853e-06,3.3623e-06,7.7359e-05
9.3972e-05,0.039497,-4.9165e-06,-5.0462e-06,-1.9078e-05,5.8891e-06,-8.7257e-05,5.8695e-05,9.2356e-05,-5.0756e-06,0.00014555,0.00010356,-1.5282e-05,-6.2417e-06,-9.3981e-05,-0.00016756,-1.2245e-05,1.0989e-05,2.1032e-05,-8.5208e-05,-4.0886e-05,-0.00017943,-4.158e-05,0.00013368,-0.0001565,-7.9338e-06,0.0001704,0.00016714,-0.00013279,5.4416e-05,0.00020876,-1.1765e-05,2.2991e-05,-2.2264e-05,1.8552e-05,7.3489e-05,4.1634e-05,5.7778e-05,-0.00014356,6.7647e-05,-0.00014496,0.00015008,4.5341e-05,-8.2046e-05,-5.0732e-05,1.8011e-05,0.00029025,-5.2302e-05,2.3955e-06,0.00025937,-8.5974e-05,-0.00013445,-7.5908e-05,-0.00014761,0.00013508,4.7084e-05,6.0988e-05,-4.4791e-05,-9.8705e-06,4.8188e-05,0.0001134,-0.00023297,2.2556e-05,-0.00015563,-0.00015055,8.2298e-05,1.6007e-05,0.00010471,3.0634e-05,-0.00015009,0.0001886,6.517e-05,8.5076e-05,-1.8966e-05,-1.9532e-05,-1.3873e-05,0.00010814,0.00017904,-7.2794e-05,0.00020268,-0.00019897,-0.00016842,5.0838e-05,-0.00012381,-9.529e-05,-0.00018342,-1.9003e-05,6.0739e-05,0.00015076,6.6515e-05,7.7644e-05,3.1595e-05,-0.00015286,-0.00012081,-8.5221e-05,0.00015624,-3.2866e-05,4.908e-05,0.00010579,5.7248e-06
-3.2267e-06,-4.9165e-06,0.039779,4.1338e-05,6.0678e-06,-9.2554e-05,-6.8804e-05,3.6793e-05,8.6266e-06,7.6301e-05,-7.035e-05,9.8904e-05,0.00011762,-4.2419e-05,9.7356e-05,3.1291e-05,-2.9233e-05,9.2294e-05,-0.00012678,0.00019259,8.0595e-05,1.9021e-05,-4.318e-05,-0.00027243,0.00010193,4.1247e-05,8.6661e-06,-5.6872e-05,0.00014793,-4.8987e-05,3.2229e-05,-8.6166e-06,-0.00010736,-0.0001711,1.6981e-05,8.2393e-05,-1.3439e-05,-1.0611e-05,4.9048e-05,2.7809e-05,0.00010355,0.00011518,-0.0001924,0.00013865,-7.9333e-05,-0.00010005,-2.6862e-05,-0.00014127,3.7787e-05,-0.00014331,-8.5789e-05,3.0298e-05,0.00012014,-1.2738e-05,-9.7931e-05,-0.00011576,8.8515e-05,-0.0002331,7.807e-05,-1.5374e-05,7.9809e-05,-0.00013551,0.00011254,1.8148e-05,-2.6524e-05,1.356e-05,0.00021483,-2.9324e-06,0.00015105,1.2142e-05,0.00016279,-9.3816e-05,3.833e-05,-0.00011393,7.6908e-05,6.1924e-05,4.4568e-05,-0.00010124,-1.0529e-06,2.8202e-05,3.6596e-05,-0.00011034,0.00017918,-2.7828e-05,-0.00010435,-5.2673e-05,2.5092e-06,0.00025503,4.3063e-05,9.3939e-05,-3.0016e-05,-0.0001381,-3.0731e-05,-1.6584e-05,4.1247e-05,9.3372e-06,0.00013158,-3.481e-05,-0.00017053,0.00014549
8.6934e-05,-5.0462e-06,4.1338e-05,0.039716,5.463e-05,4.2261e-05,-0.00010132,1.5383e-05,-0.00015347,-0.00021009,9.1406e-05,5.7801e-05,0.0001251,3.168e-05,-4.9512e-05,1.8353e-05,-9.1248e-05,-1.2728e-05,-1.7415e-05,1.5788e-05,-5.789e-06,2.302e-05,4.9832e-05,-5.7847e-06,5.7309e-05,3.0428e-05,3.9096e-05,2.819e-05,-0.00018891,-0.00015419,5.3784e-05,2.9574e-05,5.7965e-05,-0.00011649,4.5822e-05,-3.6552e-05,0.00010627,-9.9288e-05,-0.00014819,3.8576e-05,0.00012593,0.00012236,7.3784e-05,0.00012666,3.9011e-05,4.0265e-05,0.00011685,0.00013612,-0.00014623,4.3255e-05,-0.00014682,5.5605e-05,4.9393e-05,-0.00018449,6.5456e-05,6.098e-05,5.6671e-05,-7.0226e-05,-4.5934e-05,4.4504e-05,-3.9932e-05,0.00010354,4.5314e-05,0.0001853,-9.3672e-06,-1.8511e-05,-1.6406e-05,-0.00010105,-4.2486e-05,-1.4637e-05,-2.4011e-05,7.3167e-05,8.096e-05,-7.826e-05,3.8155e-06,-0.00011158,4.8168e-05,9.9631e-05,6.8041e-07,3.1063e-05,-0.00013034,3.1361e-05,0.00012579,1.4187e-05,-1.7937e-05,-2.0924e-05,-0.0002484,0.00011925,5.7893e-05,-0.00013971,2.7719e-05,-0.0001247,-0.00015809,3.0742e-05,-1.5546e-05,2.6262e-05,1.7472e-05,-4.3282e-05,-1.9023e-05,-0.00016871
4.6352e-08,-1.9078e-05,6.0678e-06,5.463e-05,0.039717,-2.1748e-05,-4.361e-05,2.6835e-05,0.00013422,8.6977e-06,-9.4316e-05,3.6241e-05,-0.00012066,-3.0434e-06,-0.00010343,6.9062e-05,1.2802e-05,-8.1636e-05,-9.2878e-05,4.7606e-05,7.5529e-05,-0.00010098,-3.8652e-06,-7.4041e-05,-0.00021767,-1.1607e-05,5.7869e-05,0.00016883,0.00014285,0.00012779,-9.9208e-05,-6.3149e-05,8.0306e-05,0.00010354,5.1876e-05,0.00018696,0.00020868,6.2992e-05,0.00014041,-4.1589e-06,8.9195e-05,2.3978e-05,-7.8619e-05,-0.00017824,-3.227e-05,8.6093e-06,-7.6537e-06,-0.00025088,6.2533e-05,1.0419e-05,-2.2902e-05,0.0001284,-2.2511e-05,-5.8936e-05,-0.00015209,5.485e-05,0.00012885,6.5296e-05,-3.5521e-05,2.0869e-05,0.00011562,0.00016749,0.00012922,6.1845e-06,3.4751e-05,3.1406e-05,0.00012785,-1.5587e-06,0.00014185,-2.3834e-05,9.5248e-05,6.3935e-05,-1.3127e-05,-2.1923e-05,8.743e-05,5.6134e-05,4.5266e-05,-0.00010096,0.0001224,1.5976e-05,-7.9994e-05,-7.1664e-05,8.5008e-05,0.00014582,-1.1909e-05,0.00017433,1.4029e-05,4.6978e-05,-6.7572e-05,4.2503e-05,2.9627e-05,8.334e-05,9.1772e-05,0.00015098,-6.3814e-05,-0.0001483,0.00011256,7.4585e-07,0.00020762,-4.3234e-05
-5.9883e-06,5.8891e-06,-9.2554e-05,4.2261e-05,-2.1748e-05,0.039517,-0.00012378,2.3227e-06,6.0265e-05,-0.00017175,0.00010247,-0.00012165,-3.8265e-05,-4.123e-06,0.00014498,6.8141e-05,0.00010092,-3.5879e-05,-0.00015505,0.00011527,-5.3254e-05,0.00016884,5.1752e-05,7.6537e-05,-0.00012733,7.401e-05,0.00012214,-1.5202e-05,4.9332e-05,7.8941e-05,-7.5764e-05,2.3593e-05,0.00017233,0.00012517,0.00015349,8.8744e-05,-3.0787e-05,5.5418e-05,0.00021639,5.3548e-05,-0.00026386,-2.6165e-05,-9.3478e-05,0.00010756,-6.2594e-05,-1.2994e-05,-3.099e-05,-6.2867e-05,0.00022903,-2.323e-05,-5.8088e-06,5.3759e-06,-2.6096e-05,-3.6435e-05,-8.9544e-05,2.8314e-05,6.4144e-05,2.3643e-06,0.00014824,-4.247e-05,-8.2242e-05,3.2158e-05,-0.00013067,-1.3124e-05,-4.0221e-05,0.00014278,-5.7859e-05,4.984e-05,0.00024125,-7.1986e-06,1.0112e-05,9.1834e-05,7.3555e-05,3.0901e-06,0.00020199,9.5086e-05,3.3919e-05,-0.00012286,-0.00013759,4.6316e-06,-7.6927e-05,0.00012058,5.0317e-05,-3.8512e-05,8.8316e-05,6.6984e-05,-2.8827e-05,-8.6762e-05,-0.00011017,2.8272e-05,-0.00018747,1.9917e-05,-8.3736e-05,-7.9338e-05,-0.00015442,-1.4434e-05,-1.0377e-05,0.00013051,-0.00018099,8.3825e-05
-2.3257e-05,-8.7257e-05,-6.8804e-05,-0.00010132,-4.361e-05,-0.00012378,0.039753,0.00016698,3.8567e-06,6.2374e-05,1.0964e-05,0.00015363,-4.5149e-05,0.00012104,-0.00012754,-2.6796e-05,-4.6e-06,0.00012425,-0.00022768,0.00025413,-0.00011767,-7.7983e-05,-1.0365e-05,-8.0025e-05,-8.115e-05,4.7821e-05,-4.8362e-05,-2.3788e-05,5.5285e-05,0.00015738,-4.0484e-05,-3.6697e-05,1.8764e-05,-1.3928e-06,6.2603e-05,1.8181e-05,-0.00012447,-1.4847e-05,2.2149e-05,4.6085e-06,2.5522e-05,2.5938e-05,-1.7753e-05,-0.00010038,0.00013725,8.1804e-05,-5.2456e-05,-0.00016653,8.1147e-05,-0.000134,2.1112e-05,4.4438e-05,0.00016126,0.00016749,-0.00015549,-2.2947e-05,-0.0001249,-0.00010077,3.3233e-05,-5.285e-05,0.00017592,-6.0265e-05,5.5946e-05,-7.2751e-05,-6.2364e-06,9.4304e-05,-2.3089e-05,1.9952e-05,0.00021527,4.6113e-05,1.9555e-05,7.2603e-05,-3.519e-05,-7.8845e-05,0.00013169,0.00016869,-6.7417e-05,-0.00010833,0.00022588,0.00013479,0.00021416,-3.0589e-05,-2.9785e-05,8.7861e-05,8.9404e-05,0.00025608,0.00016307,-0.00014274,-4.7409e-05,0.00012831,-6.6993e-05,-0.00014022,-0.00012285,7.3388e-05,6.6598e-05,5.1657e-05,6.8481e-05,-7.7105e-06,-3.536e-05,-1.0295e-05
-0.00012949,5.8695e-05,3.6793e-05,1.5383e-05,2.6835e-05,2.3227e-06,0.00016698,0.03987,-6.6505e-05,2.6609e-05,-5.0019e-06,-7.515e-05,7.0323e-05,-0.00021006,4.3506e-05,9.4647e-05,8.1394e-06,-7.4468e-05,2.1231e-05,-9.1751e-05,4.6372e-05,3.8889e-05,-1.2069e-05,0.00017241,-7.649e-05,-0.00010172,3.963e-05,-4.2009e-05,-1.4775e-05,-0.000156,-0.00016291,-2.3703e-05,7.4695e-06,6.7863e-05,-0.00011065,-6.637e-07,-8.0385e-05,4.7619e-05,6.1258e-05,-2.3616e-05,-5.5503e-05,-0.00012825,6.4439e-05,-1.5294e-05,-5.0084e-05,-8.0471e-05,-9.8884e-05,0.00010755,-3.2152e-05,4.0823e-06,-0.00010919,-4.3222e-05,-2.0829e-05,-0.00016499,0.00010891,3.3157e-05,7.569e-05,9.7122e-05,2.3944e-05,4.0889e-05,-5.6212e-05,6.6588e-05,-9.491e-05,-3.7036e-05,4.2207e-05,-5.8044e-05,2.5556e-05,-9.9013e-05,-0.00018855,-6.4821e-05,-1.7309e-07,-4.2501e-05,-4.483e-05,-1.8137e-06,-2.7232e-05,-0.00025808,-5.7788e-05,-4.0499e-05,6.0465e-05,-6.7327e-05,-2.2673e-05,0.00012102,9.9526e-05,4.9743e-05,1.0385e-05,-3.652e-07,2.1335e-06,0.00011917,2.0617e-05,-0.00015236,-7.0535e-05,4.3076e-05,1.9778e-05,-8.2546e-05,0.00016133,-0.00014078,0.00011717,0.00016608,5.7713e-07,0.00012901
-3.6442e-06,9.2356e-05,8.6266e-06,-0.00015347,0.00013422,6.0265e-05,3.8567e-06,-6.6505e-05,0.039728,-9.1837e-05,5.8244e-05,0.00013367,3.1527e-05,-4.7284e-05,-0.00013401,5.3891e-05,-4.7042e-05,-9.1429e-06,9.4238e-06,-6.2952e-05,-8.246e-05,9.5817e-07,-3.2827e-05,8.9065e-05,0.00019667,7.0253e-05,1.8074e-05,-0.00015461,2.401e-05,-0.00010741,-2.5274e-05,-4.6272e-05,0.00012377,-2.7768e-05,0.00014879,0.00019985,-5.3979e-05,0.00012251,-0.00016136,9.3651e-05,-1.1124e-05,2.6707e-05,5.011e-06,0.00011697,-2.9902e-06,3.092e-05,-4.8177e-05,-1.6244e-05,0.00013196,5.3852e-05,-4.4426e-05,7.9386e-05,0.00017808,9.9949e-05,-3.067e-05,2.3778e-05,8.9438e-05,8.1461e-05,3.1215e-05,-3.0326e-06,3.7656e-05,0.00016927,0.0001583,9.6712e-05,8.7219e-05,-4.7547e-05,-6.4577e-05,4.7423e-05,9.0897e-05,-4.0456e-05,5.9278e-06,-9.3292e-05,0.00017757,-5.3894e-05,-5.3358e-05,7.6343e-06,4.8362e-07,4.6395e-05,-1.5702e-05,3.4032e-06,1.2915e-06,-2.9927e-05,-2.0428e-05,-0.0002271,4.1422e-05,2.6124e-05,-0.00015102,-3.8705e-05,5.143e-05,2.8647e-05,-3.353e-06,-8.0971e-06,3.4752e-05,-0.00010171,0.00018415,-0.00014137,-5.2278e-05,6.9646e-06,1.5237e-05,2.8138e-05
0.00012884,-5.0756e-06,7.6301e-05,-0.00021009,8.6977e-06,-0.00017175,6.2374e-05,2.6609e-05,-9.1837e-05,0.039712,-1.668e-05,-2.7591e-05,0.00012679,8.0347e-05,-0.00010171,7.9308e-05,-0.00013856,-5.045e-05,-7.6015e-06,5.9865e-05,-8.5623e-05,3.9424e-05,0.00011038,-0.00010482,-7.8308e-06,4.0066e-05,3.8145e-05,-2.6707e-05,-0.00020342,-1.6619e-05,0.00013797,0.00014737,8.4961e-05,-8.2714e-05,4.6758e-05,-0.00014932,-0.00011257,0.00013182,-4.5549e-06,2.9705e-05,-0.00014866,1.3484e-05,-9.413e-05,0.00011543,-8.3052e-05,-0.0001033,-6.9053e-05,3.7231e-05,4.9319e-05,5.0482e-05,-1.8247e-05,0.00014563,7.2823e-05,-0.00026247,-3.0807e-05,0.00019098,-3.6272e-06,0.00022441,-1.2776e-05,9.1514e-05,-0.00019393,-4.3774e-05,-5.4498e-05,0.00016989,6.3057e-05,1.413e-05,-5.6392e-05,-3.559e-05,8.5862e-05,-0.00014471,-2.5327e-05,0.00010182,-2.0635e-05,8.5913e-05,-3.9282e-05,7.5588e-05,-3.5524e-05,7.0468e-05,0.0001117,5.6932e-05,-7.1516e-05,-7.6828e-05,-0.00019161,-0.00014032,-0.00010403,4.7572e-06,-2.7317e-06,-2.5563e-05,3.8865e-05,1.1768e-05,6.5438e-05,-7.9965e-05,-5.7022e-05,-0.00019779,-8.3592e-05,0.00021025,-5.2094e-05,7.0573e-05,7.25e-05,-2.0357e-05
-5.1374e-05,0.00014555,-7.035e-05,9.1406e-05,-9.4316e-05,0.00010247,1.0964e-05,-5.0019e-06,5.8244e-05,-1.668e-05,0.039611,-4.4829e-05,-6.8889e-06,-0.00010733,-7.7251e-05,-6.1848e-05,5.3986e-05,7.1969e-05,-1.4822e-05,4.2483e-06,0.00012402,-7.6842e-06,0.00013544,2.1332e-05,-0.00015702,-0.00011226,-5.4276e-05,-2.0284e-05,9.3742e-05,-0.00022488,3.0444e-05,2.3233e-05,-0.0001069,2.778e-05,-0.00011819,-0.00013146,-8.7359e-05,0.0001003,0.00013669,4.8709e-05,9.7355e-05,-4.397e-05,6.91e-05,0.00013888,-5.7265e-05,-4.1882e-05,-0.0001002,-6.2346e-05,-8.0002e-05,-1.7801e-05,1.7545e-05,-0.00013699,-2.9563e-05,3.1199e-05,1.3465e-05,-6.5146e-05,3.4962e-05,3.083e-05,-2.9344e-05,-1.2423e-05,-3.2006e-05,-4.1948e-05,2.0608e-05,6.1795e-05,6.7957e-05,-2.6861e-05,-1.8299e-05,-2.6618e-05,-0.00012179,5.486e-05,-4.6686e-05,-5.3581e-05,3.8581e-05,-4.8149e-05,-0.00012908,0.0001095,0.00011544,-2.1451e-05,9.2041e-05,-5.8656e-05,4.3112e-05,-0.00010723,-0.00018595,0.00013396,-0.00010518,-0.00028692,6.0031e-05,-7.5786e-05,-0.00010702,2.9609e-05,-2.8558e-05,-6.8712e-05,-3.272e-05,-9.7337e-05,-7.0618e-06,0.00010919,0.00015076,-0.00022869,0.00010586,0.00010316
2.7348e-05,0.00010356,9.8904e-05,5.7801e-05,3.6241e-05,-0.00012165,0.00015363,-7.515e-05,0.00013367,-2.7591e-05,-4.4829e-05,0.039695,-4.5932e-05,-5.1545e-05,0.00020668,-9.3773e-05,3.0807e-05,-2.3117e-05,0.00017876,2.724e-05,7.4322e-05,-1.8498e-05,-5.1706e-05,0.0001361,-3.0384e-05,3.4467e-05,6.7225e-05,-7.2706e-05,-5.7759e-05,-1.1613e-06,2.9955e-05,-0.00010426,4.2486e-05,5.0824e-06,-3.6022e-05,3.7351e-05,-8.114e-05,-1.1029e-05,-6.3171e-05,-6.8065e-05,0.00015931,-4.5569e-05,-4.0165e-05,5.8263e-05,-0.00017655,-0.00013223,-8.3337e-05,0.00013661,1.7686e-05,-9.7897e-05,-0.00011561,7.8989e-06,-1.2248e-06,4.3284e-06,-4.1425e-05,-0.00017605,-4.4597e-06,8.2395e-05,1.5514e-05,3.463e-05,-0.00014451,-1.9743e-05,-3.0436e-05,2.8209e-05,-6.5053e-05,0.00010786,-0.00010236,-2.3001e-06,-5.8762e-05,2.7362e-05,-6.1485e-05,-0.00010279,-0.0001145,6.7587e-05,-6.2115e-05,7.1748e-05,-4.69e-05,5.3549e-06,-1.9579e-05,-0.00012205,-2.3331e-05,9.1304e-05,0.00022424,-9.0155e-06,0.00014125,-8.0627e-05,4.9029e-05,0.00017604,6.7058e-05,7.6764e-05,0.00010574,0.00024263,1.208e-05,-0.00026806,3.2944e-05,0.00012783,-1.5656e-05,0.00016251,-0.00011683,0.0001294
-8.176e-05,-1.5282e-05,0.00011762,0.0001251,-0.00012066,-3.8265e-05,-4.5149e-05,7.0323e-05,3.1527e-05,0.00012679,-6.8889e-06,-4.5932e-05,0.039839,0.00011004,7.4731e-05,2.1439e-05,-7.5713e-05,-3.078e-05,7.7131e-05,-8.6534e-05,5.7437e-06,0.00021045,2.2256e-06,0.00011741,-5.7216e-05,-8.0731e-05,-0.0001175,-0.00019073,6.4559e-05,8.215e-05,-0.00013586,5.4503e-05,5.4286e-05,0.00015047,5.7843e-05,0.00017777,-5.635e-05,0.0001183,-2.0304e-05,-6.1835e-05,-1.7845e-05,4.5878e-05,-5.8845e-05,-0.00010303,5.0249e-05,-6.1048e-05,-4.8674e-05,-7.5737e-05,2.8788e-05,-2.6173e-05,8.5337e-05,-9.16e-05,0.00010616,8.5675e-05,-0.00012662,-7.6672e-05,-5.0603e-05,-5.8711e-05,-1.602e-05,3.8145e-05,2.7893e-05,7.5439e-05,-2.3932e-05,-5.0018e-05,-1.9688e-05,8.3743e-06,-0.00019819,3.4396e-05,7.9274e-05,4.5515e-05,0.0001255,-3.7339e-05,-2.0943e-05,0.00016955,2.925e-05,4.3792e-05,1.275e-05,3.2662e-05,5.8412e-05,-6.5376e-05,5.7421e-05,8.0754e-06,-3.2004e-05,-9.5131e-05,-8.9e-06,6.1158e-05,3.6053e-06,1.6316e-05,-6.8701e-05,9.9187e-05,-1.7209e-05,-3.2204e-06,0.00012674,1.8081e-05,-9.0913e-05,-6.9119e-06,-1.2753e-05,4.0246e-05,5.2224e-06,-7.6774e-05
2.9255e-05,-6.2417e-06,-4.2419e-05,3.168e-05,-3.0434e-06,-4.123e-06,0.00012104,-0.00021006,-4.7284e-05,8.0347e-05,-0.00010733,-5.1545e-05,0.00011004,0.039881,-0.00015914,6.7589e-05,-9.5044e-05,1.1713e-06,1.8557e-05,-5.5626e-05,-7.2322e-05,-2.3131e-05,-7.6507e-05,0.00021275,-1.117e-05,-0.00010443,-0.00012677,-2.8705e-06,-0.00014146,-0.00022521,-8.7536e-06,-7.1401e-05,2.0238e-05,0.00016245,-0.00014767,-9.7137e-05,0.00011141,1.9041e-05,0.00019563,-0.0001781,0.00012247,1.7577e-05,-6.4646e-05,0.00018713,6.5845e-06,-0.00011822,-8.8534e-05,0.00018667,8.2251e-07,-0.00012252,-9.3667e-06,-3.0819e-05,-6.5302e-05,1.7946e-06,0.00023227,-7.9991e-05,0.00021866,0.00013584,0.00010682,-0.00011327,-0.0002078,-7.3969e-07,-2.6867e-05,2.1681e-05,-4.7344e-05,7.4725e-05,0.00010047,-0.00016747,-4.8501e-05,3.5994e-06,-7.7153e-05,-3.4301e-05,3.039e-05,-0.00012924,-6.636e-05,1.3217e-06,1.2911e-05,0.00015627,0.00010855,-2.9701e-05,-4.0366e-05,6.5831e-06,-2.9601e-05,8.7605e-05,6.7635e-05,-0.00016045,-8.1611e-05,8.3124e-05,-2.9919e-06,-1.3333e-05,-6.0531e-05,1.0609e-06,1.8477e-06,6.0002e-05,0.00021351,0.00018404,1.8991e-05,-0.00010461,7.4148e-05,-4.9487e-06
4.9947e-05,-9.3981e-05,9.7356e-05,-4.9512e-05,-0.00010343,0.00014498,-0.00012754,4.3506e-05,-0.00013401,-0.00010171,-7.7251e-05,0.00020668,7.4731e-05,-0.00015914,0.039773,-8.1742e-05,-8.1879e-05,0.00024815,-3.8925e-05,-1.6508e-07,-4.8605e-05,-0.00022817,4.3428e-05,3.3869e-05,5.4178e-06,-7.6872e-05,-3.7303e-06,9.9919e-05,-6.099e-05,5.9407e-05,0.00020549,5.4465e-05,3.942e-05,0.00012127,-5.6787e-06,-1.0536e-05,0.00011438,9.2983e-05,-9.1366e-05,-1.7191e-05,2.2401e-05,-3.2656e-05,3.404e-05,0.00010826,4.4736e-05,6.1958e-05,7.7674e-05,1.4289e-05,-5.9e-05,8.6837e-05,-1.0721e-05,0.00013901,-3.5504e-05,-0.00011606,0.00014636,-4.638e-06,-7.8028e-05,4.8821e-05,-6.2019e-05,-5.2841e-05,-1.9501e-05,-6.095e-06,-4.7473e-05,3.8859e-05,-4.9252e-05,0.00012027,8.3128e-05,-5.4954e-05,3.4612e-05,-0.00017676,-0.00011862,9.6184e-05,5.8107e-05,-6.8292e-05,-9.3578e-05,-0.00013101,-4.319e-05,6.9336e-05,7.3482e-05,3.4293e-05,0.0001071,-0.00014861,7.0317e-06,-4.6715e-05,-2.402e-05,-8.7004e-06,2.8303e-05,-6.6166e-05,7.2106e-05,-3.0807e-05,0.00012385,-8.8614e-05,-4.1894e-05,4.2614e-05,0.00011838,0.00014018,-2.4188e-05,2.1246e-05,1.5958e-05,-8.8983e-05
6.2792e-05,-0.00016756,3.1291e-05,1.8353e-05,6.9062e-05,6.8141e-05,-2.6796e-05,9.4647e-05,5.3891e-05,7.9308e-05,-6.1848e-05,-9.3773e-05,2.1439e-05,6.7589e-05,-8.1742e-05,0.039822,-6.4875e-05,3.7683e-05,-2.9816e-05,-7.8461e-05,-6.8684e-05,0.00012806,0.00012608,6.6801e-06,-5.9555e-05,-9.1297e-05,-8.6313e-05,5.0229e-06,8.5627e-05,2.3842e-05,9.9762e-06,-0.00014643,-9.8904e-05,-0.00017938,2.5171e-05,-5.1739e-05,-0.00019592,1.1106e-05,2.3855e-05,-4.564e-05,4.163e-05,-8.4958e-06,9.222e-05,-5.167e-06,-4.8819e-05,1.824e-05,1.4845e-05,9.4117e-05,7.0937e-05,2.3725e-05,0.00012195,3.4767e-05,0.00012203,-0.00013581,7.9837e-05,0.00011045,-0.00011132,-7.0503e-06,-8.1938e-05,-4.4399e-05,2.3027e-05,-2.5333e-05,3.2742e-05,-0.00013608,-4.3755e-05,6.5603e-06,3.0781e-05,0.00012144,-0.00013647,5.8847e-05,3.668e-05,1.9705e-05,-9.9475e-05,-9.5227e-05,1.1907e-05,0.0001202,-5.1039e-05,4.6903e-05,-2.4771e-05,-3.7388e-06,-0.00011641,-7.739e-05,-0.00011549,4.2491e-05,4.4111e-05,-8.8187e-05,0.00011164,2.7859e-05,2.0325e-05,6.2372e-05,4.0695e-05,-4.0107e-05,3.6386e-05,7.4268e-05,-4.2803e-05,0.00013826,-4.6299e-05,-9.427e-06,-6.4584e-05,1.0287e-06
0.00023169,-1.2245e-05,-2.9233e-05,-9.1248e-05,1.2802e-05,0.00010092,-4.6e-06,8.1394e-06,-4.7042e-05,-0.00013856,5.3986e-05,3.0807e-05,-7.5713e-05,-9.5044e-05,-8.1879e-05,-6.4875e-05,0.039743,-0.0001035,-6.7913e-05,-8.091e-06,-8.3287e-05,-9.7934e-05,0.00015991,-0.00015236,0.0001223,2.6563e-05,-0.0002197,-5.3866e-05,-0.00017751,3.3411e-05,6.7156e-05,-6.4953e-05,8.453e-05,0.00023475,7.4503e-06,-7.6928e-05,-7.1693e-05,6.0881e-05,1.817e-05,-0.00011871,1.8258e-05,8.8578e-06,9.5554e-05,0.00013179,-6.3058e-05,0.00014934,-8.102e-05,6.6521e-05,0.00022189,8.0042e-05,4.6075e-05,8.3475e-05,0.00021644,-7.7891e-05,6.5765e-05,5.5026e-07,7.1529e-05,-3.384e-05,-3.6856e-05,-3.3526e-05,9.2816e-05,1.6135e-05,7.9444e-05,-0.00022605,5.3417e-05,-4.6784e-07,-1.6283e-06,-1.6578e-05,4.4629e-05,-8.7578e-05,-7.0405e-05,0.0001055,-5.5656e-05,-5.3676e-05,-2.2806e-05,0.00014067,7.7273e-05,5.1569e-05,9.5845e-05,0.0001528,8.4258e-05,-0.00013836,5.4012e-05,1.3442e-05,-0.00010639,-3.5607e-05,3.4644e-06,-0.00011119,-9.0246e-07,-0.00011248,-3.0396e-05,1.5269e-05,-5.2014e-05,5.24e-05,-4.2653e-05,-1.2676e-05,-3.0114e-05,-0.00022384,-8.7508e-05,-8.9517e-05
0.00013043,1.0989e-05,9.2294e-05,-1.2728e-05,-8.1636e-05,-3.5879e-05,0.00012425,-7.4468e-05,-9.1429e-06,-5.045e-05,7.1969e-05,-2.3117e-05,-3.078e-05,1.1713e-06,0.00024815,3.7683e-05,-0.0001035,0.039766,7.2334e-05,7.0483e-05,-0.00018583,4.111e-05,4.9651e-05,0.00018837,-1.6457e-05,7.0121e-05,-2.1837e-05,-9.6564e-05,1.6746e-05,0.00013549,0.00010393,2.0926e-05,-9.5967e-05,0.00012124,5.6403e-05,0.0001421,-8.3439e-05,9.7969e-05,-3.2419e-05,-0.00030639,-6.8497e-05,-0.00010665,2.9216e-05,-8.2509e-05,4.8649e-05,6.5469e-05,1.1059e-06,0.00010077,0.0001203,0.00015118,7.7287e-05,-8.7674e-05,1.1469e-05,8.5939e-05,-0.00014923,-0.00019493,2.6545e-05,-3.8054e-05,0.00011622,0.00018575,8.819e-05,6.6627e-05,7.4245e-05,2.4719e-05,-0.00013979,-4.4473e-05,-8.6075e-05,1.2125e-05,-0.00010788,0.00015442,0.00012538,-0.0001075,-1.0106e-06,5.8009e-05,-3.7e-05,8.0296e-05,8.8053e-05,-8.6025e-05,2.9841e-05,1.6813e-05,5.4329e-05,9.814e-05,-0.00015155,-4.593e-05,-0.00010184,-7.8084e-05,-5.9261e-05,-8.3427e-05,-0.00017036,-4.8623e-05,-0.00015695,0.00017359,3.2824e-05,-4.3322e-05,-3.8344e-08,-1.2142e-05,7.805e-06,-2.9281e-05,9.7471e-05,-2.9506e-05
-5.9724e-05,2.1032e-05,-0.00012678,-1.7415e-05,-9.2878e-05,-0.00015505,-0.00022768,2.1231e-05,9.4238e-06,-7.6015e-06,-1.4822e-05,0.00017876,7.7131e-05,1.8557e-05,-3.8925e-05,-2.9816e-05,-6.7913e-05,7.2334e-05,0.03963,0.00022814,-0.00010005,-5.5137e-05,4.1774e-05,-0.00018046,2.154e-05,3.4642e-05,-4.1459e-05,4.3262e-06,6.7385e-05,-0.0001174,-0.00010166,-7.3841e-06,-0.00013088,9.6693e-05,0.00023353,-8.9612e-05,-1.5023e-05,-4.5748e-05,0.00011672,-2.2661e-05,-7.4556e-05,6.647e-05,4.6956e-05,9.5844e-05,-5.029e-06,3.5375e-05,6.9165e-05,-0.00017005,-9.2007e-05,-6.7327e-07,0.00012224,0.00023813,0.0002223,9.1882e-05,-0.00022242,0.00011415,-5.3823e-05,-0.00028568,3.3468e-05,-0.00017035,-9.3074e-06,9.5942e-06,4.0409e-05,-0.00013981,4.349e-05,1.3683e-05,7.5766e-05,4.5577e-05,0.00015995,-5.1801e-05,0.00016122,5.6345e-05,-2.2343e-06,-0.00018129,-5.5231e-05,0.00019897,0.00012256,0.00015774,2.8884e-05,3.4801e-05,0.00012042,-9.8594e-07,8.1387e-05,0.00013047,-4.4051e-05,0.00018403,0.00014911,-1.6145e-05,2.316e-06,-2.4625e-05,0.00014175,-1.8036e-05,-0.00013316,0.00016045,-7.2744e-05,2.1337e-05,-3.5632e-05,8.3505e-05,-0.00018244,4.1953e-05
-0.00016975,-8.5208e-05,0.00019259,1.5788e-05,4.7606e-05,0.00011527,0.00025413,-9.1751e-05,-6.2952e-05,5.9865e-05,4.2483e-06,2.724e-05,-8.6534e-05,-5.5626e-05,-1.6508e-07,-7.8461e-05,-8.091e-06,7.0483e-05,0.00022814,0.039635,2.2716e-05,4.522e-05,8.5068e-05,1.2835e-05,7.4778e-05,-0.00017332,3.5339e-05,7.3633e-05,8.0181e-06,-1.9358e-05,-3.0261e-05,2.2299e-05,-2.8965e-05,5.4886e-05,-1.0449e-05,0.00012236,2.7508e-05,3.2062e-05,4.0106e-05,1.0008e-05,-0.00010437,-0.00010163,0.00021776,-0.00023458,-4.987e-05,-3.7691e-05,6.7635e-05,4.5424e-05,-9.3013e-05,6.6638e-05,-0.00021331,-2.6007e-05,-0.00020956,8.289e-05,0.00036208,0.00018939,4.1167e-05,0.0001001,-6.2926e-05,-0.00012852,-7.843e-05,9.8005e-05,-0.00010019,5.7783e-05,0.00011832,-1.686e-05,3.724e-05,-7.3617e-05,-0.0001077,5.1648e-05,-0.0002351,5.3232e-05,0.00011313,0.00018622,-4.471e-05,-4.3897e-05,-6.4511e-05,8.2809e-05,-2.2276e-05,-0.00013294,-0.00016383,2.6168e-06,3.0704e-05,3.7501e-05,2.3499e-05,-2.2994e-05,-5.8998e-05,-1.8855e-06,6.724e-05,-0.00012618,-5.7093e-05,0.00016069,6.5747e-05,5.0729e-05,-6.5341e-05,-0.00016856,-9.1618e-05,4.1257e-05,0.0001012,-3.199e-06
6.9497e-05,-4.0886e-05,8.0595e-05,-5.789e-06,7.5529e-05,-5.3254e-05,-0.00011767,4.6372e-05,-8.246e-05,-8.5623e-05,0.00012402,7.4322e-05,5.7437e-06,-7.2322e-05,-4.8605e-05,-6.8684e-05,-8.3287e-05,-0.00018583,-0.00010005,2.2716e-05,0.039476,6.0765e-05,-0.00012469,2.993e-05,0.00011021,0.00017995,9.4561e-05,5.6064e-05,0.0001924,0.00015609,0.0001535,-3.942e-05,-1.0071e-06,-3.1498e-05,-3.2235e-05,2.8646e-05,-6.8212e-05,1.0603e-05,-0.00019055,-8.899e-05,-6.5219e-05,-0.00013302,3.3137e-05,-6.6628e-06,0.00012579,4.0066e-05,5.373e-05,0.00015072,-8.3372e-05,0.00012696,8.9813e-05,8.0552e-05,0.00015125,9.3612e-05,-1.1979e-05,-4.3844e-05,0.00011218,3.7254e-05,-1.1475e-05,1.7744e-05,-1.058e-05,-2.4874e-05,0.00010884,8.9829e-05,-9.1344e-05,8.9943e-05,-9.9751e-05,-9.7733e-05,6.8169e-05,9.217e-06,-0.00013248,0.00012326,-0.00016343,4.8703e-05,3.7364e-05,5.7564e-05,-0.00017513,-1.8127e-05,7.3186e-05,7.4378e-06,0.00027274,3.4444e-05,-0.00014076,-4.4762e-05,0.00014795,4.4722e-05,8.3904e-05,7.4643e-05,-7.8292e-05,-6.3318e-05,-0.00019694,0.00012238,1.073e-05,5.6687e-05,-3.8974e-05,-0.00010795,-3.1558e-05,6.875e-05,-5.6472e-05,-0.00010187
6.5706e-05,-0.00017943,1.9021e-05,2.302e-05,-0.00010098,0.00016884,-7.7983e-05,3.8889e-05,9.5817e-07,3.9424e-05,-7.6842e-06,-1.8498e-05,0.00021045,-2.3131e-05,-0.00022817,0.00012806,-9.7934e-05,4.111e-05,-5.5137e-05,4.522e-05,6.0765e-05,0.03959,-0.00011935,-2.7382e-05,5.9077e-05,-8.8022e-05,-2.697e-05,9.4522e-05,-1.5006e-05,8.9322e-05,5.7936e-05,-1.1361e-05,-0.00012899,1.5631e-05,1.1444e-05,7.2755e-05,-6.9383e-05,7.1858e-05,-6.315e-06,4.176e-05,8.5767e-05,1.0976e-05,6.2584e-06,3.9619e-06,-4.3744e-05,0.00013149,0.00012079,6.0674e-05,-0.0001241,-1.2316e-06,-0.00011769,-5.2608e-05,-9.9852e-05,0.00015719,3.8412e-05,1.5353e-05,-1.2564e-05,5.0295e-05,0.00016256,5.5833e-05,0.00013687,1.6265e-05,-2.2936e-05,-3.9706e-05,1.6508e-05,5.1275e-05,-6.3447e-05,0.00014542,3.2784e-05,2.1381e-05,-7.5375e-05,-0.0001072,-7.2321e-06,-0.00011855,-0.00015325,-0.00013224,0.00012316,-0.00015298,7.1413e-05,-1.8659e-05,4.7197e-05,4.3388e-05,0.00014809,2.1788e-06,-0.00020362,0.0001822,0.0001302,-0.00012101,-1.8821e-05,0.00012151,-0.00012824,-5.3986e-05,3.5365e-05,-2.8191e-06,-1.1909e-05,2.9999e-05,2.5376e-05,-0.00013938,6.3864e-05,7.1848e-05
4.8156e-05,-4.158e-05,-4.318e-05,4.9832e-05,-3.8652e-06,5.1752e-05,-1.0365e-05,-1.2069e-05,-3.2827e-05,0.00011038,0.00013544,-5.1706e-05,2.2256e-06,-7.6507e-05,4.3428e-05,0.00012608,0.00015991,4.9651e-05,4.1774e-05,8.5068e-05,-0.00012469,-0.00011935,0.039843,0.00011188,-8.8911e-05,8.2439e-05,4.2802e-05,0.00011909,-2.0668e-05,6.1461e-05,-0.00015429,1.3411e-05,4.324e-05,-0.00018211,5.6024e-05,0.00021317,6.1643e-05,-7.7057e-05,-4.2932e-05,7.9948e-05,-5.8192e-05,0.00017482,-7.1271e-05,-5.5556e-05,2.2763e-05,3.9218e-05,-5.0738e-05,-5.0461e-05,-0.00011936,2.5985e-05,-8.6367e-05,-9.8106e-05,2.1036e-05,8.2042e-05,-3.7696e-05,-7.3531e-05,9.7715e-05,-6.1779e-06,0.00016521,-0.00011842,-1.0412e-05,-6.8237e-05,-0.00014804,3.126e-05,-3.375e-05,1.9075e-05,-4.5194e-05,-2.014e-05,0.00019639,-7.9584e-05,2.0541e-05,-2.2109e-05,-1.3592e-05,-8.098e-05,0.0001267,-2.6288e-05,1.8244e-05,9.0085e-05,2.6503e-05,0.00015121,-6.1326e-05,0.00010934,0.00018121,8.3176e-05,-7.2617e-05,0.00014077,1.9739e-05,1.1933e-05,6.1355e-05,8.4311e-05,-1.3051e-05,2.2863e-05,9.9651e-05,-5.2136e-05,-0.00014047,-0.0001925,0.00010796,0.00018226,2.0472e-05,-0.00010166
-4.5395e-05,0.00013368,-0.00027243,-5.7847e-06,-7.4041e-05,7.6537e-05,-8.0025e-05,0.00017241,8.9065e-05,-0.00010482,2.1332e-05,0.0001361,0.00011741,0.00021275,3.3869e-05,6.6801e-06,-0.00015236,0.00018837,-0.00018046,1.2835e-05,2.993e-05,-2.7382e-05,0.00011188,0.039663,0.0001813,-1.4939e-05,-9.039e-05,2.0679e-05,0.00021803,4.1301e-05,4.9281e-05,-4.91e-06,-0.00011637,-3.5727e-05,0.00022393,-0.00012499,-0.00012803,7.8164e-05,-1.9532e-05,0.00011118,6.6163e-06,-2.3364e-05,-7.7406e-05,0.00014585,-6.3074e-05,-9.2904e-05,3.7816e-05,-0.00019266,-1.527e-05,2.5657e-05,4.8125e-05,0.0002033,8.2264e-05,-2.2841e-05,-0.00011408,6.3707e-05,7.0178e-05,-0.00012245,-0.00012297,-2.1824e-05,7.8212e-05,-8.8942e-05,0.0001978,3.7421e-05,6.6934e-05,-3.5126e-05,5.5871e-05,0.00022228,0.00022186,-3.8136e-05,-1.7247e-05,0.00017676,-5.5478e-05,0.00018791,8.2302e-05,2.5266e-05,5.9883e-05,-2.9081e-05,0.00021333,-6.161e-05,0.000162,-0.00012489,-8.9512e-05,5.6178e-05,-6.0685e-05,0.00021472,3.9891e-05,-4.0175e-05,3.5272e-05,-9.0331e-06,7.2829e-05,-6.9913e-05,7.3156e-05,7.3863e-05,8.3656e-05,-4.3282e-05,-4.9802e-05,-0.00013079,-3.1544e-05,-8.9836e-05
-7.9249e-05,-0.0001565,0.00010193,5.7309e-05,-0.00021767,-0.00012733,-8.115e-05,-7.649e-05,0.00019667,-7.8308e-06,-0.00015702,-3.0384e-05,-5.7216e-05,-1.117e-05,5.4178e-06,-5.9555e-05,0.0001223,-1.6457e-05,2.154e-05,7.4778e-05,0.00011021,5.9077e-05,-8.8911e-05,0.0001813,0.039769,2.3245e-05,9.8301e-05,2.2029e-06,-0.00012224,0.00019275,-0.00013384,7.228e-05,4.0335e-05,-0.00017718,7.5001e-06,7.7e-05,0.00015003,3.9548e-05,-5.1561e-05,-5.8309e-05,0.0001013,5.2614e-06,-0.00015187,-0.00013279,7.0739e-05,-6.9907e-06,5.3325e-05,-9.4491e-05,-5.9631e-05,6.6959e-05,-0.00010196,-0.00012913,-5.3986e-05,-0.00014895,-4.5026e-05,-1.3405e-06,-6.7386e-05,4.856e-05,1.2183e-05,9.0645e-05,-2.2971e-05,-5.9522e-05,-0.00010009,-1.3406e-05,-5.7283e-05,5.2781e-05,1.7625e-05,0.00010135,9.6295e-05,1.896e-05,6.4772e-05,1.003e-05,-7.1222e-05,-3.3794e-05,-9.2573e-05,-9.4035e-05,-0.00013901,-2.6322e-05,-9.3456e-05,0.00021716,-0.00014416,2.3617e-06,5.5779e-06,6.2265e-05,5.7379e-05,-5.2094e-05,-0.00014786,-2.8164e-06,-6.2825e-07,4.0086e-05,5.135e-07,-6.5782e-05,-4.1451e-05,-9.4631e-05,-0.00012401,7.1947e-05,-2.916e-05,2.2526e-05,0.00015955,6.8009e-05
-7.8815e-05,-7.9338e-06,4.1247e-05,3.0428e-05,-1.1607e-05,7.401e-05,4.7821e-05,-0.00010172,7.0253e-05,4.0066e-05,-0.00011226,3.4467e-05,-8.0731e-05,-0.00010443,-7.6872e-05,-9.1297e-05,2.6563e-05,7.0121e-05,3.4642e-05,-0.00017332,0.00017995,-8.8022e-05,8.2439e-05,-1.4939e-05,2.3245e-05,0.039781,-4.7319e-05,2.8588e-05,9.0594e-05,-0.00032726,-8.4775e-05,-6.4879e-05,0.00015523,-1.2492e-05,-9.5175e-05,-0.00013819,-5.1276e-05,5.107e-05,0.0001145,2.1434e-05,4.4821e-05,-5.5143e-05,0.00011839,-0.00014814,3.5884e-05,3.0959e-05,-5.6009e-05,8.2881e-05,-0.00010665,-3.0449e-05,1.999e-05,-2.1939e-05,-0.00015108,9.393e-05,0.00010697,6.7984e-05,-0.0001019,-8.7014e-05,-2.4449e-05,-1.9658e-05,-9.5685e-07,9.0805e-05,-0.00017913,1.6267e-05,4.4351e-05,-0.00010307,-0.00014986,6.7369e-05,-1.6294e-05,8.6133e-05,-0.00010734,-5.3715e-05,8.5252e-05,-8.7376e-05,-8.6675e-05,-9.9259e-06,2.231e-05,0.00010066,-1.1482e-05,-0.00012582,-6.5414e-05,-6.5288e-05,-0.00012369,8.3188e-05,5.1715e-05,3.855e-05,1.1582e-05,5.2627e-05,-8.4081e-05,-6.0735e-05,2.6749e-06,-8.6186e-05,-8.6449e-05,0.00016305,0.00020156,1.6722e-05,-1.7224e-05,-3.3859e-05,4.6402e-05,-2.6144e-05
2.3922e-05,0.0001704,8.6661e-06,3.9096e-05,5.7869e-05,0.00012214,-4.8362e-05,3.963e-05,1.8074e-05,3.8145e-05,-5.4276e-05,6.7225e-05,-0.0001175,-0.00012677,-3.7303e-06,-8.6313e-05,-0.0002197,-2.1837e-05,-4.1459e-05,3.5339e-05,9.4561e-05,-2.697e-05,4.2802e-05,-9.039e-05,9.8301e-05,-4.7319e-05,0.03976,-6.6311e-05,0.00011563,-2.1742e-05,4.7672e-05,1.768e-05,5.2148e-06,0.00020921,-9.7157e-05,4.257e-05,3.5441e-05,-2.8323e-05,0.00013687,-0.00011559,-9.6016e-05,-0.00012431,5.9859e-05,-2.3712e-05,1.1259e-05,-7.5208e-06,-6.355e-05,0.00017166,0.00015852,-2.6454e-05,3.5791e-05,0.0001132,-4.2919e-05,0.00011156,0.00012865,8.486e-05,-3.5193e-05,-7.2789e-05,0.0001132,1.7384e-05,0.00013216,0.00011087,7.592e-05,-7.2166e-05,9.9205e-05,2.9301e-05,-8.3421e-05,2.33e-05,2.0221e-06,6.5132e-05,-2.4853e-05,-1.899e-05,-7.5049e-05,-5.8821e-05,-0.00016384,-6.8759e-05,3.8581e-05,-0.00010103,-1.4358e-05,-1.9375e-05,-2.8756e-05,-0.00011625,-9.0521e-06,1.3932e-05,-1.4315e-05,5.4299e-05,0.00029179,-0.00010185,-0.00010978,-9.6256e-05,-2.1703e-06,5.0066e-05,-6.8954e-06,3.1475e-05,2.8381e-05,-3.233e-05,-7.2714e-05,-0.00015205,2.2335e-05,-0.00016608
5.1216e-05,0.00016714,-5.6872e-05,2.819e-05,0.00016883,-1.5202e-05,-2.3788e-05,-4.2009e-05,-0.00015461,-2.6707e-05,-2.0284e-05,-7.2706e-05,-0.00019073,-2.8705e-06,9.9919e-05,5.0229e-06,-5.3866e-05,-9.6564e-05,4.3262e-06,7.3633e-05,5.6064e-05,9.4522e-05,0.00011909,2.0679e-05,2.2029e-06,2.8588e-05,-6.6311e-05,0.039633,-5.3835e-05,1.99e-05,-0.00010158,0.000147,-0.00014664,-3.3905e-07,5.9748e-05,-0.0001576,-5.1209e-05,2.6467e-05,6.4334e-05,-0.00013239,0.00013532,-0.00021889,2.2542e-05,-2.2529e-05,9.1062e-05,1.345e-05,-0.00014719,9.2177e-05,8.4732e-05,-3.7452e-05,9.2651e-05,-1.0894e-05,0.00016336,6.776e-06,-0.00011038,-3.9245e-05,1.713e-05,-7.7872e-05,5.2693e-05,3.9214e-05,6.8318e-05,3.235e-05,-2.5574e-05,7.2896e-05,-3.3656e-05,-6.31e-05,3.6252e-05,-1.4567e-05,-7.4691e-05,0.0001719,-2.0107e-05,-7.8984e-05,-5.0193e-05,-0.00012531,-8.5012e-05,-4.8971e-06,-9.0049e-05,-7.8112e-05,4.3638e-05,-3.9236e-05,9.3399e-05,0.00011187,-4.9847e-06,-4.6857e-05,5.7248e-05,1.241e-05,7.5005e-05,2.4488e-05,0.00012005,0.00018088,8.7996e-06,3.6931e-05,3.5735e-05,-5.4742e-05,-5.4596e-05,1.2871e-05,5.6919e-05,2.0005e-06,-6.5908e-05,-1.3168e-05
9.8125e-05,-0.00013279,0.00014793,-0.00018891,0.00014285,4.9332e-05,5.5285e-05,-1.4775e-05,2.401e-05,-0.00020342,9.3742e-05,-5.7759e-05,6.4559e-05,-0.00014146,-6.099e-05,8.5627e-05,-0.00017751,1.6746e-05,6.7385e-05,8.0181e-06,0.0001924,-1.5006e-05,-2.0668e-05,0.00021803,-0.00012224,9.0594e-05,0.00011563,-5.3835e-05,0.039543,0.00010633,9.7436e-05,0.00010283,-4.374e-05,0.00015818,7.2507e-05,5.7117e-05,-7.2643e-05,-6.7521e-05,2.0087e-05,-4.9492e-05,1.4389e-05,5.3931e-05,2.0682e-05,0.00018561,-7.5751e-05,-6.8083e-05,-0.00012179,-0.00015379,3.3995e-05,3.8754e-05,7.3631e-05,-1.735e-05,-2.3184e-05,-0.00012236,0.00027185,-4.9441e-05,7.9837e-05,-2.0476e-06,-0.00011061,5.0324e-05,-7.0036e-05,-0.00011655,4.1842e-06,-2.0438e-05,-0.00016299,-6.2358e-05,0.00011472,-0.0001413,-9.1098e-06,-0.00011727,9.3645e-05,0.00015196,0.00013062,1.5945e-05,2.4301e-05,-4.5984e-05,0.00013033,0.0001274,-5.9941e-05,-6.9532e-06,2.4575e-05,5.9643e-05,3.1831e-05,-0.00015908,-3.4119e-05,-6.337e-05,-9.661e-05,-8.0871e-06,0.00019,0.00016546,0.00013512,6.6412e-05,0.00010226,-0.00018393,-3.9304e-05,0.00016668,0.0001009,0.00010726,-3.3794e-05,-0.00010924
3.6191e-06,5.4416e-05,-4.8987e-05,-0.00015419,0.00012779,7.8941e-05,0.00015738,-0.000156,-0.00010741,-1.6619e-05,-0.00022488,-1.1613e-06,8.215e-05,-0.00022521,5.9407e-05,2.3842e-05,3.3411e-05,0.00013549,-0.0001174,-1.9358e-05,0.00015609,8.9322e-05,6.1461e-05,4.1301e-05,0.00019275,-0.00032726,-2.1742e-05,1.99e-05,0.00010633,0.039537,-8.3842e-05,-4.9047e-05,-5.3485e-05,2.5699e-05,-5.6006e-05,-3.6972e-05,-8.251e-06,-2.8557e-05,-3.2722e-05,0.00015392,0.00014422,0.0001563,-0.00011615,0.00014119,-4.6497e-05,1.7192e-05,2.836e-05,9.5363e-05,-8.4918e-05,-0.00015528,-0.0001341,-2.0292e-05,-0.00016066,-0.00020811,-1.4486e-05,4.9893e-05,-0.00011624,-6.3833e-05,0.00011307,-9.6239e-05,-0.00010553,0.00010511,-5.0378e-06,0.00011043,4.3811e-05,-7.3096e-05,-6.4773e-05,-9.1691e-05,-0.00021186,4.5583e-05,0.00026739,-3.003e-05,0.00010182,-6.9869e-05,-7.2064e-05,-8.9578e-05,0.00018192,0.00012534,-2.2022e-06,-0.00011158,-6.8351e-05,3.4843e-05,0.00010352,7.353e-05,-0.00015642,-0.0002386,-5.0377e-05,0.00010283,8.1747e-05,-0.00016291,-1.0758e-05,5.7923e-05,-0.00015502,-6.7113e-05,3.4725e-05,-3.7022e-06,5.9414e-05,7.7692e-05,-0.0001113,-1.625e-05
-3.2275e-05,0.00020876,3.2229e-05,5.3784e-05,-9.9208e-05,-7.5764e-05,-4.0484e-05,-0.00016291,-2.5274e-05,0.00013797,3.0444e-05,2.9955e-05,-0.00013586,-8.7536e-06,0.00020549,9.9762e-06,6.7156e-05,0.00010393,-0.00010166,-3.0261e-05,0.0001535,5.7936e-05,-0.00015429,4.9281e-05,-0.00013384,-8.4775e-05,4.7672e-05,-0.00010158,9.7436e-05,-8.3842e-05,0.039774,-0.00012611,3.8035e-05,-0.00017248,9.8085e-05,2.4014e-05,-1.3974e-05,-7.2299e-05,0.00010685,2.9849e-05,-0.00010827,-0.00011817,-3.009e-05,-0.00028835,2.1815e-05,9.7095e-05,-7.1619e-05,-1.1518e-05,-7.5296e-06,-0.00011234,4.3312e-05,8.144e-06,-7.3513e-06,-7.3541e-05,2.7351e-05,4.1756e-05,2.8362e-05,6.2079e-05,-6.4153e-06,-6.6438e-05,6.7794e-05,8.5901e-05,-9.241e-05,-7.9245e-05,0.00011354,-5.3009e-05,2.0818e-05,3.0187e-05,0.00014717,6.2007e-05,-3.0332e-05,3.1549e-05,5.9117e-05,6.9456e-05,2.6106e-05,4.7751e-06,-0.00012387,-4.2437e-05,-4.1623e-06,7.8655e-05,-4.674e-05,8.7e-05,9.6764e-06,0.0001017,3.1755e-05,0.0001544,-2.2254e-05,-0.00011304,-3.2335e-05,-0.00010123,7.5448e-05,-0.00012378,0.00018297,-3.6377e-06,-0.00013676,-0.00015561,2.7604e-05,0.00012885,4.8261e-05,7.4894e-05
1.8822e-05,-1.1765e-05,-8.6166e-06,2.9574e-05,-6.3149e-05,2.3593e-05,-3.6697e-05,-2.3703e-05,-4.6272e-05,0.00014737,2.3233e-05,-0.00010426,5.4503e-05,-7.1401e-05,5.4465e-05,-0.00014643,-6.4953e-05,2.0926e-05,-7.3841e-06,2.2299e-05,-3.942e-05,-1.1361e-05,1.3411e-05,-4.91e-06,7.228e-05,-6.4879e-05,1.768e-05,0.000147,0.00010283,-4.9047e-05,-0.00012611,0.039719,3.8326e-05,8.2076e-05,0.0001039,-5.712e-05,1.2691e-05,2.4081e-05,-2.6519e-05,3.2926e-05,-3.2608e-05,7.0563e-05,-3.1003e-06,3.9324e-05,3.5385e-05,2.2235e-06,7.9909e-05,0.00015178,5.7857e-06,-0.00024324,2.2158e-05,-8.6621e-05,-0.00010988,-6.1342e-05,2.2007e-05,-0.00015587,6.9992e-05,2.0588e-05,7.9041e-06,-3.1073e-05,0.00011468,0.00011783,2.7872e-06,-5.6051e-05,1.8474e-06,-4.1484e-05,-0.00014958,4.1983e-05,2.3683e-05,0.00013185,0.0001023,-1.761e-05,-3.7964e-05,0.0001174,8.5071e-05,0.00013293,-0.00016174,6.2904e-05,5.7508e-05,-0.00018854,-4.0232e-06,-0.00013989,-1.7701e-05,5.6187e-05,0.00016817,0.00014789,4.9461e-05,8.4711e-05,-1.4348e-05,-6.307e-05,1.9009e-06,9.4904e-05,9.5453e-05,0.00018164,0.00016957,-0.00018017,0.00011925,0.00010078,-6.7161e-05,1.1914e-05
-6.04e-05,2.2991e-05,-0.00010736,5.7965e-05,8.0306e-05,0.00017233,1.8764e-05,7.4695e-06,0.00012377,8.4961e-05,-0.0001069,4.2486e-05,5.4286e-05,2.0238e-05,3.942e-05,-9.8904e-05,8.453e-05,-9.5967e-05,-0.00013088,-2.8965e-05,-1.0071e-06,-0.00012899,4.324e-05,-0.00011637,4.0335e-05,0.00015523,5.2148e-06,-0.00014664,-4.374e-05,-5.3485e-05,3.8035e-05,3.8326e-05,0.039722,-1.5926e-05,4.6997e-05,-0.00013121,-0.00019164,-2.0125e-05,7.3469e-06,-0.00017462,8.6736e-05,3.1431e-05,1.4324e-05,-2.5875e-05,4.055e-06,-6.911e-05,0.00010648,9.7091e-05,-5.8294e-05,-7.9422e-05,0.00016952,-4.4881e-05,-4.5214e-05,3.2264e-06,-2.9942e-05,6.0137e-06,0.00010916,-5.6238e-05,0.00016981,0.00013028,5.5013e-05,-5.0329e-05,-7.2585e-06,3.6179e-05,1.8175e-05,0.00011383,7.219e-05,-0.00012923,-0.00016158,0.00016746,-3.9854e-05,-0.00011299,-0.00020872,-9.0446e-05,-7.6845e-06,6.6084e-05,0.00012207,-2.6835e-05,0.00015142,5.6145e-05,8.1995e-05,-1.5834e-05,-4.0492e-05,7.7437e-05,1.991e-05,-7.7603e-05,7.0681e-05,-2.0699e-05,-0.00011134,1.531e-05,-0.00015204,-3.3921e-05,8.6965e-05,5.2259e-05,1.8207e-05,7.5514e-05,9.3419e-05,-9.1246e-05,6.7991e-05,0.00016195
9.5298e-05,-2.2264e-05,-0.0001711,-0.00011649,0.00010354,0.00012517,-1.3928e-06,6.7863e-05,-2.7768e-05,-8.2714e-05,2.778e-05,5.0824e-06,0.00015047,0.00016245,0.00012127,-0.00017938,0.00023475,0.00012124,9.6693e-05,5.4886e-05,-3.1498e-05,1.5631e-05,-0.00018211,-3.5727e-05,-0.00017718,-1.2492e-05,0.00020921,-3.3905e-07,0.00015818,2.5699e-05,-0.00017248,8.2076e-05,-1.5926e-05,0.039577,-7.6019e-05,7.6042e-05,-1.8738e-05,-0.00013889,-7.526e-05,-3.3656e-06,8.2239e-05,1.1825e-05,-8.4168e-06,-5.4528e-05,6.3742e-05,-2.151e-05,3.1168e-05,6.1116e-05,-5.7957e-05,-3.7163e-06,-8.0038e-05,-0.00020872,5.8951e-05,-1.8305e-05,-9.4778e-05,5.0319e-05,-8.0943e-05,2.5009e-05,-1.3679e-05,-4.3114e-05,4.9818e-06,-8.6232e-05,3.8295e-05,4.5406e-05,6.2228e-05,0.00019704,-4.1458e-06,0.00013535,-9.8986e-05,0.00014402,-6.302e-05,-7.817e-05,-9.3421e-05,1.8912e-05,0.0001944,9.2766e-05,-3.9751e-05,-3.6135e-05,-9.4405e-05,0.00015638,-6.4335e-05,-0.0001234,-0.0001608,-3.2816e-05,0.00013218,-1.9682e-05,0.00011463,6.8832e-05,4.622e-05,1.5644e-05,1.1152e-05,-0.00021076,-7.5388e-05,5.6086e-05,-9.5934e-05,6.2259e-05,-7.7486e-05,0.00012372,-5.0583e-05,0.00018994
-1.4763e-06,1.8552e-05,1.6981e-05,4.5822e-05,5.1876e-05,0.00015349,6.2603e-05,-0.00011065,0.00014879,4.6758e-05,-0.00011819,-3.6022e-05,5.7843e-05,-0.00014767,-5.6787e-06,2.5171e-05,7.4503e-06,5.6403e-05,0.00023353,-1.0449e-05,-3.2235e-05,1.1444e-05,5.6024e-05,0.00022393,7.5001e-06,-9.5175e-05,-9.7157e-05,5.9748e-05,7.2507e-05,-5.6006e-05,9.8085e-05,0.0001039,4.6997e-05,-7.6019e-05,0.039484,-8.5407e-05,7.1797e-05,-0.00027387,-5.3442e-06,2.9702e-05,0.00011696,-2.4737e-05,-3.3812e-05,1.0588e-05,-4.3201e-05,-1.8248e-05,1.068e-05,0.0003739,-0.000122,-2.8818e-05,-7.7221e-05,4.9333e-06,-1.6091e-05,7.2966e-07,0.000109,2.4864e-05,5.2662e-05,8.288e-05,-4.9124e-05,-7.2321e-05,-0.00014866,-4.5934e-05,-0.00015555,7.6863e-05,-5.7179e-05,-0.00011075,8.8932e-05,-0.00015654,-0.00020385,-0.00011407,-5.9779e-05,-0.00012371,-0.00011675,-3.1463e-05,-2.7907e-05,-2.5711e-05,-0.00010741,8.6323e-05,-0.00012847,-4.6577e-05,2.8774e-05,0.00013601,2.2039e-05,-6.182e-05,3.917e-08,-0.00024753,6.7833e-06,0.00016805,0.00013417,-0.00011278,-2.1465e-05,8.0246e-05,-5.4422e-05,7.1804e-05,0.00011083,0.00016931,-6.6888e-05,3.1954e-05,0.0001668,2.6155e-05
