0.039959,-3.9805e-06,-5.6757e-06,-4.679e-06,-5.2466e-06,-4.6237e-06,1.5369e-06,-9.6074e-06,-9.2299e-06,-6.7206e-06,-8.9732e-07,-9.9313e-06,-1.2034e-05,-1.0577e-05,1.368e-05,1.904e-05,-3.3902e-06,-1.2422e-05,-2.8859e-06,1.3485e-07,-9.6045e-06,1.7522e-05,6.0092e-06,-1.1393e-05,3.4204e-06,-5.5206e-06,-1.5535e-05,2.0487e-05,1.6613e-06,-3.1862e-06,-7.2572e-06,-1.208e-06,6.7307e-06,-3.0514e-06,-1.4001e-05,1.7524e-05,6.0921e-06,-9.1937e-06,4.1157e-07,9.3976e-06,8.0846e-06,-1.3065e-05,-2.2737e-05,2.2259e-06,2.2275e-05,-3.9961e-06,-2.3241e-06,-1.5809e-05,-1.3576e-05,-8.0425e-06,-4.8884e-06,-1.0918e-05,1.1218e-05,-1.7251e-05,7.7237e-07,-3.9352e-06,8.0764e-06,-3.2124e-05,-6.9319e-06,2.3606e-05,1.0124e-05,-5.3066e-07,1.4048e-05,9.6217e-06,7.2931e-06,-9.4793e-06,7.0875e-06,-1.1273e-05,1.2692e-05,-3.7194e-06,-9.8649e-06,3.897e-06,-1.206e-06,1.2257e-05,-1.3904e-05,2.2051e-05,1.898e-05,-1.2742e-05,-2.4521e-05,1.0355e-06,3.8555e-07,-5.8047e-06,-2.6791e-05,4.7858e-08,-1.0731e-05,-5.7313e-06,-1.9546e-05,2.3965e-05,1.7261e-05,-1.5122e-06,-1.38e-05,2.6344e-06,1.701e-05,1.6936e-05,8.9184e-06,-1.6682e-05,-9.1913e-06,-1.8457e-06,-1.6545e-05,-1.0478e-05
-3.9805e-06,0.039948,-1.7568e-05,1.7867e-05,-1.1433e-06,1.2494e-05,8.4727e-06,3.5378e-06,8.0445e-06,-5.0456e-06,6.5761e-08,4.9147e-06,5.3335e-06,1.4144e-05,-6.1154e-06,-3.6455e-06,-1.7562e-05,8.6247e-06,2.6197e-06,-4.9298e-06,1.8963e-05,5.3272e-07,1.8374e-05,7.1116e-06,-2.6576e-06,-1.3071e-06,1.1429e-05,-9.0694e-06,9.4571e-06,7.7199e-06,-9.9343e-06,5.4921e-06,6.3502e-06,-1.6134e-05,2.843e-05,3.7772e-06,-2.5217e-06,-2.4017e-06,1.416e-05,1.5093e-05,-7.1972e-06,5.9494e-06,1.7018e-06,-1.7716e-05,-4.9962e-07,-1.2437e-05,-7.5487e-06,1.0436e-05,6.3211e-06,-1.9e-06,-1.5695e-05,4.1047e-06,2.5954e-06,1.979e-05,1.371e-05,9.6587e-06,1.1388e-05,-1.6871e-06,2.3718e-06,9.7933e-07,1.6481e-06,1.3967e-05,1.8155e-05,-3.0423e-06,-1.0216e-05,-8.7143e-06,-4.3634e-07,1.0318e-05,-2.9982e-06,1.6148e-05,7.628e-06,-6.3489e-06,1.3117e-06,-4.6336e-06,1.5751e-05,-1.3114e-05,-4.2595e-06,3.5889e-06,5.7996e-06,-1.6529e-06,-2.1427e-06,-1.3688e-05,1.4499e-05,8.0723e-06,7.5183e-07,-9.6526e-06,9.6754e-06,1.4256e-06,9.5331e-06,-1.9292e-06,2.4163e-05,4.0582e-06,-1.115e-05,-1.0728e-05,-4.7357e-06,-1.0011e-05,-4.2211e-06,-9.716e-07,1.7504e-05,-6.1594e-06
-5.6757e-06,-1.7568e-05,0.039948,-8.4313e-06,-5.8924e-06,-2.5402e-05,5.9099e-07,5.9937e-06,3.7189e-06,3.2463e-05,-8.0631e-06,2.0315e-06,-9.4932e-06,-6.175e-06,9.3572e-06,-1.3828e-05,-5.2555e-06,-2.9342e-06,1.2496e-05,7.541e-06,-2.4564e-05,-3.6682e-06,-3.2646e-06,-5.0704e-06,2.1137e-05,-1.6325e-05,4.1271e-06,7.9642e-06,-9.245e-06,-1.5319e-06,-3.7281e-07,-5.4512e-06,-1.0053e-05,1.6253e-05,-8.1901e-06,-1.8464e-05,-2.8552e-06,1.5048e-05,-1.551e-05,-1.0358e-05,-1.4793e-05,-4.9121e-06,6.6712e-06,1.2275e-05,-1.3357e-05,2.2425e-06,1.0001e-05,6.8078e-06,2.2868e-05,-4.33e-06,-1.1061e-06,-9.3669e-06,-1.5023e-05,-2.312e-05,4.4187e-06,-6.8243e-06,-5.1817e-06,5.4387e-06,-5.2568e-06,-9.5185e-06,6.3861e-06,-1.1314e-05,-5.396e-06,1.0766e-05,-8.7379e-06,8.0743e-06,-7.297e-06,2.364e-07,2.0543e-05,-1.1238e-05,-3.0271e-06,-6.9003e-06,-1.6713e-06,-1.8781e-06,-7.8842e-06,2.6516e-06,4.5807e-07,-1.2471e-05,1.1395e-05,-7.817e-06,-3.7057e-06,7.2162e-06,-2.1622e-05,7.7411e-06,7.9609e-06,6.9889e-06,-9.5171e-06,4.7431e-07,-8.6979e-06,-1.0177e-05,-1.493e-05,-8.6266e-06,-4.3545e-06,-5.734e-06,-3.9452e-07,2.3912e-07,-1.1778e-05,6.2875e-06,-1.6091e-05,2.936e-06
-4.679e-06,1.7867e-05,-8.4313e-06,0.039988,1.6691e-05,1.2907e-05,4.7366e-06,-9.9577e-06,3.6257e-06,-5.4817e-06,-5.2281e-06,1.2803e-05,-8.034e-07,-1.0808e-06,-1.4323e-05,-1.8704e-05,1.2512e-05,1.9851e-05,2.1341e-06,-6.2989e-06,2.4599e-06,-1.0006e-05,-6.2087e-06,1.6143e-05,-1.3844e-05,2.1875e-05,-6.0442e-06,-1.1431e-05,2.5226e-05,1.7087e-05,-1.2265e-05,2.6062e-06,-1.38e-05,-1.4752e-05,5.4077e-06,-1.6144e-05,1.9799e-06,-1.7119e-05,1.1063e-05,7.6872e-06,5.2412e-06,1.193e-05,7.1879e-06,-1.2736e-07,8.2449e-06,1.6242e-05,-1.2212e-05,-8.4056e-06,-2.4151e-05,-1.2843e-05,1.6408e-05,7.3702e-06,1.0223e-05,1.4216e-05,-8.8423e-06,7.7475e-06,-8.2668e-08,-9.4255e-06,-1.9789e-05,1.2037e-05,-1.407e-05,-1.1184e-05,9.5051e-06,-8.5595e-06,-6.877e-06,9.206e-06,-9.9973e-08,-8.0806e-08,-2.9735e-05,-3.4303e-05,-1.8302e-05,-1.6481e-05,1.059e-05,-1.6888e-06,-5.2024e-06,8.9615e-06,-7.134e-06,1.1536e-05,-1.213e-06,-2.1652e-05,-2.9979e-06,-1.885e-05,6.2609e-06,-1.5838e-05,-8.49e-06,-4.8635e-06,-5.3768e-06,-1.4452e-06,-6.4218e-06,-1.2529e-05,2.5623e-05,-2.7764e-06,1.2026e-06,-1.0767e-05,-7.3815e-06,-9.2468e-06,1.8752e-05,-2.2658e-05,1.5464e-05,1.2754e-05
-5.2466e-06,-1.1433e-06,-5.8924e-06,1.6691e-05,0.039943,-2.6804e-06,-8.8287e-06,6.4342e-06,-1.4329e-06,-3.2678e-06,1.6252e-06,-9.594e-06,4.3426e-06,1.5145e-05,-8.4397e-06,-8.2226e-06,-9.5696e-06,2.118e-06,4.0231e-06,3.2344e-06,1.3482e-05,-1.0394e-05,-8.9109e-06,1.6718e-05,-7.6833e-06,3.0916e-05,-5.6922e-06,2.762e-06,-5.1192e-06,1.6212e-05,2.0001e-05,1.2462e-05,1.3963e-05,-1.7374e-05,1.4774e-06,-8.7302e-06,-3.8655e-06,-1.1383e-05,1.9766e-06,6.9477e-06,2.9364e-06,1.3599e-06,-5.4945e-06,-1.5879e-06,1.0314e-06,1.7197e-06,5.6368e-06,-3.4375e-06,1.5385e-06,1.5584e-05,-9.768e-06,2.8231e-06,1.4934e-05,-6.7152e-06,-1.219e-05,4.9808e-06,-1.7568e-06,-1.1448e-05,2.234e-05,7.6119e-07,-2.6709e-06,-1.4316e-05,-1.8411e-05,1.2051e-05,-1.1936e-06,1.464e-05,-7.0032e-06,-1.299e-05,-7.8158e-06,5.6531e-07,-1.1696e-06,-4.2739e-06,2.2979e-05,-1.4597e-06,-1.3542e-06,8.4507e-06,-1.2043e-05,4.2648e-06,8.6616e-06,9.3834e-07,-5.7658e-06,9.0916e-06,2.6408e-06,-1.5438e-05,-6.6833e-06,-1.5311e-06,1.7021e-05,2.5865e-08,-1.8846e-05,-4.1981e-07,-4.5507e-06,-8.6209e-06,8.6633e-06,-1.1575e-06,-1.9919e-06,-1.612e-06,1.5723e-05,1.172e-05,2.9403e-05,9.6967e-07
-4.6237e-06,1.2494e-05,-2.5402e-05,1.2907e-05,-2.6804e-06,0.039975,7.6779e-06,3.2366e-06,6.8666e-07,-1.3851e-05,-1.5843e-06,-7.6503e-06,1.2781e-05,1.1664e-05,-1.1485e-05,-9.0073e-06,8.6065e-06,1.2794e-05,-2.3773e-06,-7.2804e-06,1.5464e-05,1.3402e-05,1.0049e-05,2.0687e-05,3.0837e-07,-2.5232e-05,-3.8875e-06,-2.6341e-05,9.0503e-06,1.0037e-06,-2.805e-07,-4.1368e-06,-1.4129e-05,-1.6678e-05,3.0836e-05,1.166e-05,-3.4469e-06,-4.5978e-06,3.6418e-06,-5.5401e-06,4.0162e-06,2.5149e-05,2.6e-05,-1.1172e-05,6.0849e-06,1.6564e-05,-2.0344e-05,1.9748e-05,-6.1657e-06,-1.5741e-05,-1.1492e-05,-8.0429e-06,1.4136e-05,1.238e-05,-2.675e-06,4.2498e-06,-1.8363e-07,4.0865e-07,-6.5799e-06,1.7069e-06,-5.8952e-06,1.4583e-05,2.5348e-05,3.2763e-08,8.2278e-06,5.6344e-06,1.1155e-05,2.3198e-06,-1.0114e-05,-9.0146e-07,-9.2262e-06,-9.9825e-06,1.267e-05,3.4499e-06,1.7293e-05,-4.5083e-06,6.1388e-06,1.1846e-05,-4.3198e-06,-5.6644e-06,1.5449e-05,1.6538e-05,1.0855e-05,-5.4795e-06,1.5834e-05,-4.5136e-06,1.8222e-05,-7.8909e-06,1.236e-05,-4.1805e-06,3.6664e-06,-7.3719e-06,-1.8995e-06,9.3643e-06,-2.0693e-06,8.9477e-06,2.7637e-05,-8.8104e-06,1.1888e-05,6.1736e-06
1.5369e-06,8.4727e-06,5.9099e-07,4.7366e-06,-8.8287e-06,7.6779e-06,0.039954,-9.9735e-06,-4.553e-06,1.5463e-06,1.1446e-05,-3.9575e-06,-7.7437e-06,-2.2407e-05,-1.3709e-05,-2.4796e-05,2.1561e-06,-5.1969e-07,3.86e-06,6.8953e-06,-2.7749e-06,1.2504e-05,2.489e-05,-9.9144e-06,-2.6438e-06,-2.3706e-05,3.8047e-06,-2.058e-05,8.8261e-06,-8.2172e-06,-1.3953e-05,-1.4127e-05,-1.3751e-05,2.9212e-06,-3.8318e-06,-2.0644e-06,8.7836e-07,1.2046e-05,1.7315e-05,5.4754e-06,-8.8805e-06,-1.261e-05,-5.3496e-06,1.6518e-06,-2.4849e-05,-7.1703e-06,-1.4536e-05,2.0907e-05,5.9365e-07,-4.8945e-06,9.0326e-07,-7.0253e-06,2.2187e-05,1.603e-05,1.4938e-05,6.9559e-06,9.0102e-06,1.4053e-05,-3.4841e-06,-6.2907e-06,-3.2898e-07,2.1144e-05,2.0553e-05,-2.1336e-05,-1.0825e-05,-4.7272e-06,-5.642e-06,1.6241e-05,1.1463e-05,-1.112e-06,7.3657e-06,-1.7628e-05,-1.3596e-05,2.1836e-06,1.2028e-05,5.7678e-06,-3.4369e-06,1.1475e-05,-2.6072e-06,-6.2786e-06,8.3925e-06,-1.052e-05,1.8628e-05,2.9361e-05,1.1827e-05,-1.0562e-05,-1.105e-05,1.7866e-06,2.2462e-05,-6.1478e-06,1.3567e-05,3.3402e-06,-5.7081e-06,-1.1539e-05,-7.0014e-06,-1.6381e-05,-1.6513e-05,-1.7721e-05,-4.5094e-06,-8.0949e-06
-9.6074e-06,3.5378e-06,5.9937e-06,-9.9577e-06,6.4342e-06,3.2366e-06,-9.9735e-06,0.039928,-3.3502e-06,-4.6273e-06,-1.3957e-05,1.0767e-05,6.1455e-06,3.8361e-06,-4.3021e-07,-2.1863e-06,-4.7893e-06,-1.5442e-06,5.3086e-06,-5.4474e-07,6.1188e-06,-8.1591e-07,4.5732e-06,-8.2477e-06,7.9956e-06,-5.4158e-06,8.0445e-06,4.813e-06,3.5538e-06,-2.5384e-06,1.2345e-06,8.3624e-07,6.3842e-06,1.077e-05,1.5492e-05,5.3594e-06,6.9697e-06,-8.3245e-06,-2.8666e-06,8.5847e-06,-6.9556e-06,4.4229e-06,-8.3435e-06,-2.3357e-06,3.8595e-06,-4.0183e-06,-9.398e-06,-7.5151e-07,1.5171e-05,-1.4251e-06,1.8192e-06,-2.8052e-06,-2.6349e-06,-4.3164e-06,-7.936e-06,7.182e-06,-1.4621e-06,-2.0965e-06,7.4922e-06,-5.8572e-07,3.8982e-07,2.313e-06,1.1298e-05,8.5504e-06,5.7636e-06,-1.9685e-06,-3.7599e-06,3.1201e-07,1.2609e-06,1.4188e-06,-9.3869e-06,7.3255e-06,-1.9955e-06,-6.7857e-06,2.4474e-06,-2.9661e-06,4.4916e-06,-2.7474e-07,3.3705e-06,1.1648e-05,-9.3726e-07,1.1258e-05,2.3831e-06,7.0406e-06,1.2666e-05,6.2068e-06,9.0622e-06,5.0086e-06,7.4816e-07,8.2921e-06,-1.6326e-06,-7.6408e-06,1.0489e-05,8.3103e-07,-1.9499e-06,-1.7151e-06,1.3206e-06,1.4452e-06,-4.2889e-06,-2.8136e-06
-9.2299e-06,8.0445e-06,3.7189e-06,3.6257e-06,-1.4329e-06,6.8666e-07,-4.553e-06,-3.3502e-06,0.039961,3.5927e-06,3.5818e-06,-1.2043e-06,6.8678e-07,1.4014e-05,-1.2189e-06,2.1637e-07,2.9871e-06,-4.0682e-06,-2.132e-06,-2.8164e-06,-7.2197e-06,1.8005e-05,1.1163e-05,-1.4251e-05,-9.3269e-06,3.3396e-06,-2.0027e-05,1.8221e-07,1.3297e-05,7.6907e-06,2.4745e-05,-1.8858e-06,-1.3237e-06,-7.8106e-06,6.5411e-06,2.777e-06,-1.4469e-05,1.2333e-05,1.744e-05,8.5666e-07,-4.5292e-07,8.789e-06,1.0138e-05,-7.7166e-06,5.0496e-06,2.1591e-06,-1.0266e-05,1.7887e-05,1.6739e-05,-1.0308e-05,5.4094e-06,1.9868e-05,1.6477e-05,-4.2013e-06,-1.3491e-05,5.2965e-06,5.798e-06,-7.9215e-06,1.9889e-05,3.6637e-06,6.5445e-06,-1.0376e-05,-1.1432e-05,-1.9876e-07,-1.9163e-05,6.5339e-06,1.1678e-05,-8.9474e-06,-6.5433e-06,-5.5031e-06,3.5509e-06,-6.0757e-06,1.3211e-05,1.562e-05,-6.3643e-07,-7.0195e-06,-3.183e-07,-6.7946e-06,-4.424e-06,-3.4363e-06,4.9973e-06,7.0681e-06,7.4381e-06,6.1552e-06,1.157e-05,2.3972e-05,8.8322e-08,2.5738e-06,-4.2862e-06,-1.6408e-05,-9.7111e-06,-2.2843e-06,-1.2353e-05,-8.1568e-06,-7.6348e-06,1.4863e-05,-9.7117e-06,1.4348e-05,-1.1059e-05,2.1006e-06
-6.7206e-06,-5.0456e-06,3.2463e-05,-5.4817e-06,-3.2678e-06,-1.3851e-05,1.5463e-06,-4.6273e-06,3.5927e-06,0.039966,1.5887e-05,2.5067e-07,-1.1643e-05,-1.0089e-06,1.1832e-05,-3.0872e-06,1.0434e-05,1.2001e-06,6.8335e-06,1.4848e-05,-2.5443e-05,-1.853e-06,1.6077e-05,-3.7185e-06,4.1991e-06,-5.2221e-06,-8.4451e-06,-3.2698e-06,-2.2141e-06,-1.1392e-05,8.0201e-06,-1.0503e-05,-6.6094e-06,-1.4717e-06,7.3788e-07,-2.3377e-05,1.0478e-05,1.0461e-05,-1.2291e-05,-1.7053e-06,-6.5531e-06,-2.2385e-05,3.6309e-06,1.3593e-05,-1.0599e-05,1.0928e-05,1.2598e-05,-3.3756e-06,2.0023e-05,4.0774e-06,5.6864e-07,3.681e-06,-3.3656e-05,-2.3236e-05,4.4309e-06,4.0881e-06,-1.1348e-05,2.0314e-06,7.7735e-07,-2.41e-05,5.5644e-06,-1.0853e-05,-1.168e-05,1.0679e-05,-7.7304e-06,6.4409e-06,-3.8576e-06,1.2762e-05,8.2867e-06,2.1613e-06,1.2641e-05,-1.0397e-05,-2.7185e-06,1.9784e-06,-2.0996e-07,-1.2273e-05,6.1821e-06,-5.8252e-06,1.008e-05,-1.2229e-05,2.1603e-06,5.2922e-06,-1.3149e-05,-1.9618e-06,1.2593e-05,1.7048e-05,-3.222e-06,-5.4633e-06,-2.443e-05,-3.0852e-06,-5.6032e-06,-5.9366e-06,-7.298e-06,-3.0749e-06,4.2491e-06,6.5214e-06,-2.4852e-05,8.3554e-06,-4.0655e-06,-5.7699e-06
-8.9732e-07,6.5761e-08,-8.0631e-06,-5.2281e-06,1.6252e-06,-1.5843e-06,1.1446e-05,-1.3957e-05,3.5818e-06,1.5887e-05,0.03994,-9.1097e-06,-8.6315e-06,-6.3603e-06,1.1966e-05,-1.013e-06,1.572e-05,1.6839e-06,-1.087e-06,3.0436e-06,3.3267e-07,1.1188e-05,5.9755e-06,-1.0274e-05,-5.5017e-06,-7.4621e-06,-2.8201e-06,-8.8696e-06,2.4162e-06,-7.1503e-06,1.0011e-05,-8.5017e-06,-2.6897e-06,-9.432e-06,2.2204e-06,-7.1456e-06,-2.3318e-06,9.287e-06,1.3377e-05,9.4181e-06,-6.8837e-06,-1.0683e-06,-5.469e-06,3.2921e-06,-1.7621e-05,-3.4026e-06,3.8853e-06,-2.1028e-06,-8.9151e-06,9.3746e-06,-1.0215e-06,6.5996e-06,-2.6132e-06,6.7892e-06,9.2556e-06,1.5266e-05,5.0316e-07,1.8023e-05,2.6327e-06,-3.3912e-06,-6.2143e-06,-4.3246e-06,-6.8426e-07,-1.7272e-05,-7.7151e-06,7.2274e-06,-2.0017e-06,2.0126e-06,-3.1141e-06,-3.5062e-06,7.0029e-06,-8.8591e-06,-7.5949e-06,3.2299e-06,1.0312e-05,-5.2682e-06,-5.9392e-06,1.1545e-05,-9.0101e-06,-6.9509e-07,1.6732e-06,5.9044e-06,1.2799e-05,-1.8579e-08,6.1477e-06,-6.8407e-06,9.8696e-07,-4.6525e-07,-1.1362e-05,-2.26e-06,-4.4108e-06,8.6436e-06,6.5457e-06,-4.7481e-06,1.0156e-05,7.8765e-07,-1.5623e-05,5.5359e-06,6.098e-06,-4.2488e-06
-9.9313e-06,4.9147e-06,2.0315e-06,1.2803e-05,-9.594e-06,-7.6503e-06,-3.9575e-06,1.0767e-05,-1.2043e-06,2.5067e-07,-9.1097e-06,0.039941,-1.094e-05,8.0653e-06,-1.351e-05,-1.6324e-06,7.8461e-06,-1.8938e-06,1.4827e-05,1.8492e-06,6.6504e-06,1.8625e-06,5.4061e-06,-2.7703e-06,7.9664e-06,2.1038e-06,4.2055e-06,5.0002e-06,7.301e-06,-4.496e-06,-9.3055e-06,3.7906e-07,-3.8884e-06,7.2413e-06,2.405e-05,-4.0316e-06,8.8062e-06,5.1604e-06,1.8467e-06,-1.255e-06,1.6076e-06,-2.2416e-06,7.7538e-06,1.2158e-05,-1.9181e-06,3.8595e-06,-2.2667e-05,-1.7613e-06,6.4111e-06,-1.0305e-06,1.7973e-05,-1.5372e-05,-1.0628e-05,3.1921e-06,1.3841e-06,1.7285e-09,6.6244e-06,1.5983e-05,2.201e-06,1.095e-05,-1.9183e-05,-5.7483e-06,1.2359e-06,1.0188e-05,-1.2145e-06,-5.8401e-06,-1.3647e-05,3.9722e-06,7.7155e-06,-1.3242e-05,-1.7946e-06,-4.6855e-06,-7.319e-06,-4.1934e-06,8.787e-06,-5.4025e-06,1.0042e-05,-2.943e-06,1.3172e-06,-5.3133e-06,9.3134e-07,-1.4803e-05,-4.1639e-06,1.9864e-05,-1.0731e-06,-1.0399e-06,1.8237e-06,5.3071e-06,8.9565e-06,1.2693e-07,7.9419e-06,3.7181e-06,1.1071e-07,-3.9347e-06,9.5469e-06,-1.3988e-05,-5.402e-06,-8.783e-06,-1.8353e-05,3.574e-06
-1.2034e-05,5.3335e-06,-9.4932e-06,-8.034e-07,4.3426e-06,1.2781e-05,-7.7437e-06,6.1455e-06,6.8678e-07,-1.1643e-05,-8.6315e-06,-1.094e-05,0.039939,1.3667e-05,8.8201e-06,-1.536e-06,-1.0176e-05,-7.3645e-06,-1.3371e-05,5.4647e-06,9.9612e-06,6.8427e-06,-1.7372e-05,-3.5799e-06,6.3088e-06,9.024e-06,-3.5491e-06,-5.7477e-06,-1.607e-05,9.0822e-06,-5.558e-06,1.1829e-05,1.0555e-05,-8.0803e-06,-2.7173e-06,7.1649e-06,-1.79e-05,-3.493e-06,-1.9424e-06,9.8914e-06,1.0555e-06,1.3782e-05,1.5007e-06,-1.9488e-05,1.6691e-05,3.8786e-06,-5.9074e-07,1.7859e-05,1.7101e-06,4.5382e-06,-3.5743e-06,1.1264e-05,8.8079e-06,4.3477e-06,2.4025e-06,-4.0737e-06,-9.8698e-06,-4.734e-06,1.5078e-06,-6.1729e-06,1.0823e-05,7.9451e-06,-3.2684e-06,6.2334e-06,-8.8851e-07,-1.7878e-06,1.2602e-05,-6.944e-06,-1.3347e-05,2.829e-05,-1.0562e-05,1.1445e-05,7.6275e-07,2.9471e-07,-3.6476e-06,2.7122e-06,-3.0502e-06,1.9838e-06,2.8485e-06,9.5037e-06,-9.0848e-06,-1.1909e-07,9.8643e-06,-1.5245e-05,4.7427e-06,1.1825e-06,2.6452e-07,-9.588e-06,-1.9724e-05,-2.1168e-06,-8.986e-06,-8.4419e-06,2.8382e-06,1.1789e-05,-5.9878e-07,1.5428e-05,9.3148e-06,2.0961e-06,1.5073e-05,-1.0323e-06
-1.0577e-05,1.4144e-05,-6.175e-06,-1.0808e-06,1.5145e-05,1.1664e-05,-2.2407e-05,3.8361e-06,1.4014e-05,-1.0089e-06,-6.3603e-06,8.0653e-06,1.3667e-05,0.03995,4.2206e-06,8.4065e-06,-4.1835e-06,-1.6686e-05,5.4637e-06,-9.0964e-07,1.3445e-05,-4.9211e-06,-1.156e-05,1.121e-05,1.4782e-05,1.4171e-06,-8.9517e-06,7.5352e-06,-1.1206e-05,1.7853e-05,2.3705e-05,7.5218e-06,9.7275e-06,2.8162e-06,1.3834e-05,2.5338e-06,-1.3264e-05,-1.0172e-05,-5.5449e-07,1.2862e-05,-4.2935e-06,1.3149e-05,1.6286e-05,2.4386e-06,4.2586e-06,1.3501e-06,1.8132e-06,-4.5711e-07,2.0342e-05,-1.5776e-06,-8.914e-06,3.5255e-06,-3.2926e-06,-2.2628e-06,2.2839e-06,4.9728e-06,2.1859e-07,3.173e-06,1.3869e-05,-2.9578e-06,-2.2403e-07,-1.7547e-05,-1.9291e-05,2.1283e-05,-3.651e-06,1.0978e-05,4.5495e-06,-2.0467e-05,-6.8156e-06,1.0756e-05,-9.9644e-06,-4.2964e-07,1.7966e-05,3.6764e-07,3.138e-06,-1.0918e-05,-6.7782e-06,3.0012e-07,-6.3105e-07,4.9263e-06,-7.9341e-06,1.0662e-05,9.7448e-06,-2.0014e-05,1.5266e-06,-7.3949e-06,1.4324e-05,1.4937e-05,-1.7518e-05,-1.7761e-06,-2.038e-05,-1.9766e-06,-4.9931e-06,-4.6459e-06,1.3068e-05,1.9747e-05,2.2534e-05,6.1856e-06,1.0687e-05,1.0085e-05
1.368e-05,-6.1154e-06,9.3572e-06,-1.4323e-05,-8.4397e-06,-1.1485e-05,-1.3709e-05,-4.3021e-07,-1.2189e-06,1.1832e-05,1.1966e-05,-1.351e-05,8.8201e-06,4.2206e-06,0.039952,1.9928e-05,-9.8712e-06,-1.7454e-05,-2.4001e-05,1.4284e-06,-7.7844e-06,6.4089e-06,-1.4703e-06,-2.0036e-05,1.2998e-06,-1.2113e-06,-5.3258e-06,1.2194e-05,-6.0391e-06,-1.1069e-05,2.3556e-06,3.6835e-06,7.2642e-06,-1.1881e-05,-5.854e-06,3.4687e-06,1.5149e-05,9.2109e-06,-1.0014e-05,4.2774e-07,1.2883e-05,-5.3903e-06,-1.1138e-05,-9.4493e-06,2.1176e-05,-5.385e-06,2.0883e-05,1.0449e-05,1.3209e-05,7.4433e-06,-3.3592e-06,-1.4648e-06,-5.0241e-07,-5.3646e-06,5.5035e-06,-3.3166e-06,-1.0582e-05,-2.271e-05,-3.1759e-06,-9.9945e-06,3.0639e-06,-2.8005e-06,1.1042e-06,1.465e-05,1.1443e-05,1.2213e-05,9.5424e-06,3.6653e-06,2.7841e-06,7.0453e-06,-6.1657e-06,-1.0464e-06,-1.9536e-05,9.8392e-06,-1.7311e-05,-6.9775e-07,4.2152e-06,6.8285e-06,-1.8186e-05,1.1518e-05,-1.8134e-07,-1.1859e-06,-1.6256e-05,-1.1466e-06,3.5699e-06,1.4368e-05,-4.7789e-06,-8.625e-06,-2.197e-05,-1.8823e-05,-2.3362e-05,-8.7791e-06,2.254e-05,7.7783e-06,-4.8842e-06,8.8625e-06,-1.6153e-05,1.5167e-06,2.5815e-06,-5.0875e-06
1.904e-05,-3.6455e-06,-1.3828e-05,-1.8704e-05,-8.2226e-06,-9.0073e-06,-2.4796e-05,-2.1863e-06,2.1637e-07,-3.0872e-06,-1.013e-06,-1.6324e-06,-1.536e-06,8.4065e-06,1.9928e-05,0.039968,6.8279e-06,5.2967e-06,-1.8714e-05,-1.1917e-05,-1.4911e-05,3.8333e-06,-2.8201e-05,-1.2295e-05,-1.6859e-05,1.065e-05,-2.2671e-05,1.7181e-05,4.0306e-06,-1.2606e-05,1.398e-05,-3.2971e-06,1.8547e-05,2.0519e-05,-3.4454e-05,1.937e-05,1.7769e-05,-1.5677e-06,-5.8898e-06,4.4973e-06,1.5428e-05,-1.0543e-05,-1.0222e-05,-7.2896e-06,3.1037e-05,-1.4066e-06,1.529e-05,-2.2312e-05,-3.4051e-06,6.4317e-06,8.6732e-07,9.833e-06,-6.3946e-06,-1.6272e-05,-1.7551e-05,-1.2929e-05,-9.325e-06,-2.7923e-05,-7.189e-06,-1.2284e-07,1.0638e-05,-9.9101e-06,-4.7706e-06,2.0258e-05,1.713e-05,-2.0375e-06,3.2881e-07,-1.2528e-05,-5.9145e-06,-3.4838e-06,1.9678e-05,5.4274e-06,1.1394e-06,-1.7336e-06,-6.7331e-06,-1.5222e-06,8.0956e-06,-9.033e-06,-1.2427e-05,6.3933e-06,-2.3598e-06,-4.0181e-06,-2.5572e-05,-5.222e-06,-1.8914e-05,2.3235e-05,1.5929e-05,-6.4538e-06,-6.9165e-06,-7.6428e-06,-1.4309e-05,-4.7859e-06,-1.0861e-05,-2.8543e-06,9.9862e-06,7.9644e-06,-3.7492e-06,1.9221e-05,-1.3941e-05,6.6409e-06
-3.3902e-06,-1.7562e-05,-5.2555e-06,1.2512e-05,-9.5696e-06,8.6065e-06,2.1561e-06,-4.7893e-06,2.9871e-06,1.0434e-05,1.572e-05,7.8461e-06,-1.0176e-05,-4.1835e-06,-9.8712e-06,6.8279e-06,0.039962,4.4156e-06,-3.7045e-06,9.2074e-06,-1.8324e-05,7.0267e-06,-2.5271e-06,-1.6449e-06,-7.0765e-06,3.7208e-06,-1.9418e-05,-1.0577e-05,3.0302e-06,-5.447e-06,-9.9548e-07,-1.4301e-05,-4.3328e-06,4.2666e-07,2.4421e-06,-1.0097e-05,7.431e-06,-1.302e-05,1.2035e-05,4.1771e-06,1.1779e-05,7.6145e-06,1.1136e-05,2.2703e-05,-1.3301e-05,2.4496e-05,-3.7824e-06,-2.4118e-05,7.5984e-06,-2.9344e-06,1.2486e-05,7.1589e-06,-1.975e-05,-4.9595e-06,3.27e-06,6.2083e-06,-1.0818e-05,-2.1848e-06,-4.1189e-06,-1.858e-05,-1.7007e-06,-8.7103e-06,6.9996e-06,-1.6286e-05,5.9923e-07,5.8382e-06,-9.0322e-06,-2.8087e-06,-5.9319e-06,-2.771e-05,-7.8122e-06,-9.2974e-06,-1.4851e-06,6.7946e-06,-2.0379e-06,-7.5861e-07,3.3214e-06,1.2563e-06,-3.6818e-06,-1.5714e-05,1.8331e-05,5.4341e-06,-1.9744e-06,-4.9999e-06,2.6527e-06,8.5591e-06,2.1384e-07,9.5021e-07,-8.0384e-06,-3.4764e-06,4.286e-06,6.8823e-06,-1.1836e-05,-1.1862e-05,7.7989e-06,3.1142e-06,6.8108e-06,-4.611e-06,-1.262e-05,-6.9887e-06
-1.2422e-05,8.6247e-06,-2.9342e-06,1.9851e-05,2.118e-06,1.2794e-05,-5.1969e-07,-1.5442e-06,-4.0682e-06,1.2001e-06,1.6839e-06,-1.8938e-06,-7.3645e-06,-1.6686e-05,-1.7454e-05,5.2967e-06,4.4156e-06,0.03994,3.8608e-06,-7.5811e-06,1.0436e-05,-1.2939e-05,-6.7619e-06,1.5827e-05,-2.1068e-05,-3.6725e-06,7.017e-06,-2.8325e-07,4.9214e-06,-7.9211e-06,-8.2586e-06,1.4836e-06,-1.7922e-05,-9.3677e-06,3.0084e-06,3.8956e-06,4.5242e-06,3.7782e-06,1.5221e-05,-8.433e-06,-2.6811e-06,7.049e-06,4.3803e-06,-5.6982e-06,-1.6806e-05,8.5121e-06,-1.1506e-05,-7.9027e-07,-1.3099e-05,7.2759e-07,-6.2076e-07,-2.5735e-06,-3.6366e-06,2.0271e-06,-1.359e-05,-9.3645e-06,-1.1697e-06,2.594e-06,-6.6462e-06,-1.3647e-05,-2.5173e-06,1.6435e-05,1.1814e-05,-6.564e-06,6.341e-06,-1.0704e-05,-1.1385e-05,2.4547e-05,-1.0892e-05,-2.0511e-05,7.7542e-06,-9.9788e-06,7.9236e-06,-1.5469e-05,-7.7743e-06,-1.3515e-05,6.2046e-06,-2.5842e-06,1.337e-05,-1.8659e-06,-2.5935e-06,-8.5728e-06,1.3466e-05,-8.9784e-06,2.601e-06,-1.2705e-05,6.1937e-06,-1.451e-05,1.0605e-05,1.5402e-06,2.4404e-05,-9.8104e-06,-3.5465e-06,2.6675e-07,-1.2622e-05,-5.8021e-06,4.9474e-06,3.1762e-06,-3.2624e-06,8.8475e-06
-2.8859e-06,2.6197e-06,1.2496e-05,2.1341e-06,4.0231e-06,-2.3773e-06,3.86e-06,5.3086e-06,-2.132e-06,6.8335e-06,-1.087e-06,1.4827e-05,-1.3371e-05,5.4637e-06,-2.4001e-05,-1.8714e-05,-3.7045e-06,3.8608e-06,0.039936,6.5065e-06,-2.1754e-06,-2.6995e-06,1.4784e-05,1.7351e-05,2.088e-06,-1.1889e-06,1.0507e-05,-2.1388e-06,-3.1841e-06,6.4543e-06,-1.8931e-06,3.9286e-07,-4.1977e-06,8.6183e-06,1.266e-05,-1.1203e-05,2.7299e-06,1.0777e-05,-3.7998e-07,-3.8841e-06,-1.3466e-05,-7.2324e-06,2.109e-06,6.7471e-06,-2.0571e-05,7.3828e-06,-8.8935e-06,-6.8173e-06,9.9448e-06,-1.5355e-06,1.0311e-05,-3.5443e-06,-1.6944e-06,-2.4479e-06,3.1888e-06,-8.1067e-06,4.7874e-06,8.9547e-06,-4.5784e-07,-2.2624e-06,-7.0486e-06,-7.9269e-06,-1.2725e-05,9.2532e-06,-7.5024e-06,6.546e-06,-7.852e-06,8.108e-06,1.2784e-06,-2.7286e-06,1.187e-05,-7.995e-06,6.1011e-06,-3.7391e-06,6.1215e-06,-1.7279e-05,4.3562e-06,-1.4325e-05,9.2186e-06,-6.9489e-06,-1.4668e-06,-9.1734e-06,9.1803e-06,1.1506e-05,-6.7929e-06,-6.7736e-06,3.8089e-06,6.2489e-07,1.4881e-05,6.0345e-06,3.3929e-06,2.8756e-07,-1.072e-05,-1.3356e-05,1.0204e-05,-6.5782e-06,-1.8344e-06,1.5652e-05,-5.0633e-06,4.8766e-06
1.3485e-07,-4.9298e-06,7.541e-06,-6.2989e-06,3.2344e-06,-7.2804e-06,6.8953e-06,-5.4474e-07,-2.8164e-06,1.4848e-05,3.0436e-06,1.8492e-06,5.4647e-06,-9.0964e-07,1.4284e-06,-1.1917e-05,9.2074e-06,-7.5811e-06,6.5065e-06,0.039933,-1.9102e-05,-2.3774e-06,1.3341e-05,-5.1995e-06,1.8238e-06,8.7547e-07,-6.4896e-07,-2.2585e-06,-3.8531e-06,-5.0527e-06,1.6201e-06,2.0195e-06,-6.6681e-06,-5.9705e-06,1.4141e-05,-1.2124e-05,-1.136e-05,7.9331e-06,-1.2653e-05,-1.1726e-06,6.4442e-06,-1.3327e-05,6.8147e-08,2.3723e-06,-7.236e-06,1.4994e-05,-6.4305e-06,1.0385e-05,2.197e-05,8.9728e-07,2.9526e-06,-4.6394e-06,-1.6925e-05,-6.8023e-06,3.0894e-06,9.2739e-06,7.751e-06,-7.351e-06,-9.3758e-06,-6.4429e-06,4.6562e-06,-8.7196e-07,-4.7133e-07,-6.7261e-08,1.7791e-05,-1.4585e-07,-7.3626e-07,-9.961e-07,1.2294e-05,2.5769e-05,3.9913e-06,-1.3645e-05,4.3308e-07,1.4376e-05,5.8212e-06,8.7008e-06,2.9577e-07,-5.3331e-06,-3.3006e-06,-6.9525e-06,6.5482e-06,-9.6682e-06,-1.4982e-05,1.0574e-05,1.7899e-05,-4.4825e-07,7.1226e-06,4.0046e-06,-1.592e-05,-3.8672e-07,6.2274e-06,2.0897e-06,-1.5127e-05,-4.6144e-06,1.088e-06,-1.3272e-05,-7.8045e-07,5.7091e-06,3.524e-06,-1.2255e-05
-9.6045e-06,1.8963e-05,-2.4564e-05,2.4599e-06,1.3482e-05,1.5464e-05,-2.7749e-06,6.1188e-06,-7.2197e-06,-2.5443e-05,3.3267e-07,6.6504e-06,9.9612e-06,1.3445e-05,-7.7844e-06,-1.4911e-05,-1.8324e-05,1.0436e-05,-2.1754e-06,-1.9102e-05,0.039954,-2.0192e-05,-3.3426e-06,9.7738e-06,1.2949e-05,9.9622e-06,1.4766e-05,-1.6256e-06,4.4609e-06,9.3375e-07,-7.143e-06,1.6991e-05,1.6378e-05,-1.4689e-05,1.4399e-05,2.3444e-05,-1.5086e-05,-1.3079e-06,4.1869e-06,3.233e-06,-7.1283e-06,1.0953e-05,1.8536e-06,-1.1566e-06,3.4696e-06,-2.4255e-05,-8.1227e-06,1.6234e-05,-2.1981e-05,2.0469e-06,-1.9506e-05,-6.1324e-06,2.7428e-05,1.4417e-05,3.91e-06,-7.838e-07,9.4935e-06,2.4566e-05,1.1558e-05,1.8913e-05,-7.7861e-06,8.1711e-06,4.9075e-06,-7.7994e-06,-5.7438e-06,-5.9947e-06,4.3346e-06,4.5685e-06,5.2328e-07,2.0679e-05,3.0059e-06,1.2586e-05,9.5947e-06,-1.3107e-05,1.2103e-05,-2.5401e-06,-1.5322e-05,8.957e-06,1.6352e-05,8.5613e-06,-1.0172e-05,-1.7136e-06,4.5131e-05,-1.0313e-05,-2.4194e-06,-1.7277e-05,8.4112e-06,-5.5124e-06,1.3405e-05,2.0177e-05,2.524e-06,-4.1471e-06,2.1767e-05,1.5009e-05,-1.0673e-05,-5.1855e-06,1.9775e-05,-2.5062e-06,1.1624e-05,8.0473e-06
1.7522e-05,5.3272e-07,-3.6682e-06,-1.0006e-05,-1.0394e-05,1.3402e-05,1.2504e-05,-8.1591e-07,1.8005e-05,-1.853e-06,1.1188e-05,1.8625e-06,6.8427e-06,-4.9211e-06,6.4089e-06,3.8333e-06,7.0267e-06,-1.2939e-05,-2.6995e-06,-2.3774e-06,-2.0192e-05,0.039948,2.3372e-05,-2.1815e-05,3.069e-06,-1.8045e-05,-2.0539e-05,-1.6659e-06,6.3241e-06,-8.1824e-06,-4.8915e-06,-1.47e-05,-2.1226e-06,3.9191e-06,4.8684e-06,5.6845e-06,-7.1717e-07,-6.1988e-06,2.3667e-05,5.4567e-06,-3.4291e-10,-3.1397e-06,-1.0816e-05,-1.0641e-05,2.0788e-06,1.4211e-06,-1.003e-05,-1.7102e-05,1.3471e-05,-3.4526e-06,1.0828e-05,2.3915e-06,9.3519e-06,-3.6624e-06,-1.5619e-06,6.0941e-06,6.9574e-06,-9.2908e-06,4.6738e-06,1.1475e-05,6.1405e-06,-2.5077e-07,-5.487e-07,-1.8246e-06,3.0866e-06,1.0356e-05,5.3404e-06,-3.9062e-06,1.335e-05,-3.6195e-06,-2.672e-06,4.6088e-06,1.327e-06,1.6699e-05,1.2631e-05,3.3395e-06,1.0119e-05,-1.2038e-05,-2.2026e-05,1.5438e-07,2.1429e-05,1.0851e-05,-2.104e-05,1.0747e-05,8.9586e-07,6.7272e-06,-1.6804e-05,1.2763e-05,1.615e-05,1.5593e-06,-1.7365e-05,1.5856e-05,-7.4744e-06,-1.6259e-06,1.1835e-05,8.0319e-06,-2.7975e-05,2.653e-06,-4.2781e-06,-2.1049e-05
6.0092e-06,1.8374e-05,-3.2646e-06,-6.2087e-06,-8.9109e-06,1.0049e-05,2.489e-05,4.5732e-06,1.1163e-05,1.6077e-05,5.9755e-06,5.4061e-06,-1.7372e-05,-1.156e-05,-1.4703e-06,-2.8201e-05,-2.5271e-06,-6.7619e-06,1.4784e-05,1.3341e-05,-3.3426e-06,2.3372e-05,0.039972,-9.0042e-06,-5.4423e-06,-2.2885e-05,1.2727e-06,-5.7253e-07,3.1629e-06,-8.2107e-06,-9.8018e-06,-1.1539e-05,1.8101e-06,-1.952e-05,3.9229e-05,-1.5441e-05,1.3966e-05,-2.0196e-06,8.059e-06,6.4915e-07,-4.1601e-06,-2.3471e-05,-9.5532e-06,-1.9968e-06,-2.3872e-06,-9.8802e-06,-5.2356e-06,1.4664e-06,8.863e-06,-7.0607e-06,-4.6384e-06,-3.6602e-06,-4.8648e-06,5.279e-06,1.1343e-05,8.4513e-06,1.7814e-05,-6.8179e-06,1.1403e-05,-4.3108e-06,-4.3381e-06,1.3206e-05,2.4634e-05,-2.7212e-05,2.7067e-06,-4.371e-06,2.6874e-06,3.0624e-05,4.6039e-05,2.1362e-05,1.6272e-05,-3.4314e-06,5.2501e-06,1.421e-05,1.3446e-05,-2.2628e-05,3.7066e-05,-1.0672e-05,-3.089e-06,-1.5239e-05,3.7236e-05,8.9409e-06,-1.226e-05,2.2848e-05,3.0285e-05,-4.1775e-06,-4.431e-06,1.6016e-05,1.9913e-05,1.6943e-05,2.223e-06,1.393e-05,7.093e-06,2.5366e-06,-7.6987e-06,1.7249e-07,-2.5615e-05,2.045e-06,1.0354e-05,-7.0113e-06
-1.1393e-05,7.1116e-06,-5.0704e-06,1.6143e-05,1.6718e-05,2.0687e-05,-9.9144e-06,-8.2477e-06,-1.4251e-05,-3.7185e-06,-1.0274e-05,-2.7703e-06,-3.5799e-06,1.121e-05,-2.0036e-05,-1.2295e-05,-1.6449e-06,1.5827e-05,1.7351e-05,-5.1995e-06,9.7738e-06,-2.1815e-05,-9.0042e-06,0.039945,3.6468e-06,-2.8788e-06,1.3287e-05,-1.263e-06,-1.3223e-05,1.2189e-05,1.41e-05,4.4592e-06,-1.7179e-06,-5.0976e-06,-2.6632e-06,-3.6723e-06,-7.0974e-07,-5.8016e-06,1.9927e-06,-9.0591e-06,-7.2784e-06,4.9599e-06,1.3933e-05,6.9632e-08,-9.374e-06,1.4207e-05,7.2252e-06,-2.9321e-06,-2.4411e-06,-9.1603e-06,1.7418e-06,-3.7037e-06,5.1546e-06,5.9485e-06,-3.6499e-06,-6.245e-06,-2.1747e-06,-3.2913e-07,-4.0525e-06,-6.5716e-06,-3.052e-06,-2.2108e-06,-8.8979e-06,-1.2648e-06,1.1366e-05,3.8496e-06,3.9362e-07,-2.5007e-06,-1.4192e-05,-7.7083e-06,1.4727e-07,2.7325e-06,2.3128e-05,-9.352e-06,4.5998e-07,-4.0345e-06,-8.1323e-06,-4.368e-06,1.7833e-05,-4.0197e-06,-6.0606e-06,2.6097e-06,1.0495e-05,-2.06e-05,-1.3017e-05,-1.4311e-05,2.6075e-05,2.7169e-06,2.2701e-06,1.2279e-05,1.0031e-05,1.7441e-05,-6.4636e-07,-7.8891e-07,-4.2704e-06,5.1125e-06,1.6976e-05,-3.3673e-08,1.5872e-05,1.2166e-08
3.4204e-06,-2.6576e-06,2.1137e-05,-1.3844e-05,-7.6833e-06,3.0837e-07,-2.6438e-06,7.9956e-06,-9.3269e-06,4.1991e-06,-5.5017e-06,7.9664e-06,6.3088e-06,1.4782e-05,1.2998e-06,-1.6859e-05,-7.0765e-06,-2.1068e-05,2.088e-06,1.8238e-06,1.2949e-05,3.069e-06,-5.4423e-06,3.6468e-06,0.039968,-1.5912e-06,1.3612e-05,-1.8596e-06,-9.1231e-06,9.5674e-06,-2.1776e-06,8.7603e-06,1.2252e-05,1.7727e-05,1.289e-05,5.0267e-06,-1.6379e-05,-1.0066e-05,-1.4573e-05,6.8903e-06,-1.0625e-06,-4.8806e-07,4.0848e-07,3.0847e-07,7.551e-07,-1.7549e-05,-7.6887e-06,3.2547e-05,8.7504e-06,-4.3859e-06,-1.0314e-05,-1.3554e-05,1.3107e-06,-1.6456e-05,1.6728e-05,6.4472e-06,-2.5214e-07,1.0367e-05,-1.1396e-06,-3.1135e-06,5.8861e-06,1.0864e-05,1.0155e-05,9.2572e-07,1.7939e-05,8.7791e-07,5.0856e-06,-2.1393e-05,9.3381e-06,9.2473e-06,-2.8291e-05,1.0952e-05,1.8581e-06,-2.1564e-06,3.0005e-06,1.3406e-05,1.6877e-06,-9.4941e-06,-8.556e-06,-3.0732e-06,-5.4747e-06,1.897e-05,-1.5334e-06,1.1087e-05,8.7499e-06,-1.7217e-05,-9.0548e-06,1.6364e-05,-1.1837e-06,-1.4599e-07,-5.5103e-06,4.7285e-06,5.2594e-06,2.1117e-05,-5.2916e-06,-9.1371e-06,5.8267e-06,-2.8385e-06,-9.1227e-06,-6.3005e-06
-5.5206e-06,-1.3071e-06,-1.6325e-05,2.1875e-05,3.0916e-05,-2.5232e-05,-2.3706e-05,-5.4158e-06,3.3396e-06,-5.2221e-06,-7.4621e-06,2.1038e-06,9.024e-06,1.4171e-06,-1.2113e-06,1.065e-05,3.7208e-06,-3.6725e-06,-1.1889e-06,8.7547e-07,9.9622e-06,-1.8045e-05,-2.2885e-05,-2.8788e-06,-1.5912e-06,0.039962,7.6581e-06,2.8111e-06,1.0781e-05,9.1622e-06,8.3181e-06,1.5123e-05,1.7326e-05,-1.9775e-05,-2.7405e-05,-1.0359e-06,8.1642e-07,-9.7551e-06,-6.916e-06,6.4958e-06,1.5389e-05,-7.9682e-06,-1.9465e-05,1.0869e-05,1.2616e-05,-1.2738e-05,2.0216e-05,-1.1344e-06,-6.5367e-06,1.3045e-05,5.067e-06,5.9936e-06,1.023e-06,-1.3394e-06,-2.853e-06,-7.1531e-08,-8.5061e-06,-6.7897e-07,1.1198e-05,7.865e-06,-4.7204e-06,-1.1266e-05,-2.505e-05,2.4165e-05,-3.5391e-06,1.5252e-05,1.2329e-05,-1.5158e-05,-2.1587e-05,1.1101e-05,-6.3211e-06,7.8917e-06,1.309e-06,-3.6002e-06,-1.3158e-05,2.8436e-06,-2.3735e-05,3.9671e-06,9.5201e-06,8.2325e-06,-1.3081e-05,-1.499e-05,1.1907e-05,-1.5195e-05,-2.8441e-05,1.1016e-05,-5.6627e-06,-9.9294e-06,-2.1362e-05,-5.7887e-06,-1.0124e-05,-1.3922e-05,-3.519e-06,4.5041e-06,4.0142e-06,-9.9527e-06,5.8022e-06,1.5637e-05,1.9604e-05,3.6839e-06
-1.5535e-05,1.1429e-05,4.1271e-06,-6.0442e-06,-5.6922e-06,-3.8875e-06,3.8047e-06,8.0445e-06,-2.0027e-05,-8.4451e-06,-2.8201e-06,4.2055e-06,-3.5491e-06,-8.9517e-06,-5.3258e-06,-2.2671e-05,-1.9418e-05,7.017e-06,1.0507e-05,-6.4896e-07,1.4766e-05,-2.0539e-05,1.2727e-06,1.3287e-05,1.3612e-05,7.6581e-06,0.039941,-1.0108e-05,-9.9531e-06,2.8103e-06,-1.2215e-06,7.8048e-06,1.2752e-06,-2.3516e-06,2.063e-06,-3.4381e-06,2.9293e-06,1.313e-05,-6.247e-06,-1.1778e-05,-4.6968e-06,6.9163e-06,2.2716e-06,3.0479e-07,-2.0518e-05,-1.4501e-05,4.1765e-06,2.0711e-05,4.5182e-06,-3.9628e-06,7.1856e-06,-2.5718e-05,3.1314e-06,2.0026e-05,1.3914e-05,4.0233e-06,3.8757e-06,1.398e-05,-9.6874e-06,-9.0265e-06,-1.1195e-05,1.9326e-05,2.4843e-06,-1.9189e-06,2.9506e-06,-1.2699e-06,-3.5886e-07,6.9483e-06,-9.0681e-07,8.7972e-06,-1.4615e-05,-3.0201e-06,-1.7668e-05,-1.4127e-05,-2.1438e-07,-7.8411e-06,-7.396e-07,3.2636e-06,1.0828e-05,8.7752e-06,-1.5182e-05,-1.4614e-05,1.9441e-05,6.9952e-06,6.2521e-06,-1.5919e-05,-1.7071e-07,-7.0373e-06,2.92e-06,7.1016e-06,2.1855e-05,-1.9012e-06,-4.4308e-06,-1.2561e-06,-1.63e-06,-1.8712e-05,1.5546e-06,-1.3068e-05,3.9351e-07,-5.0476e-06
2.0487e-05,-9.0694e-06,7.9642e-06,-1.1431e-05,2.762e-06,-2.6341e-05,-2.058e-05,4.813e-06,1.8221e-07,-3.2698e-06,-8.8696e-06,5.0002e-06,-5.7477e-06,7.5352e-06,1.2194e-05,1.7181e-05,-1.0577e-05,-2.8325e-07,-2.1388e-06,-2.2585e-06,-1.6256e-06,-1.6659e-06,-5.7253e-07,-1.263e-06,-1.8596e-06,2.8111e-06,-1.0108e-05,0.039954,-3.5333e-06,9.7959e-06,1.0498e-05,1.2435e-05,8.9539e-06,1.0768e-05,-7.0706e-06,3.483e-06,3.2487e-06,-9.1482e-06,-1.0039e-05,3.4317e-06,-1.8641e-06,-9.2055e-06,-1.7618e-05,-5.7821e-06,2.366e-05,-3.3456e-06,9.4832e-06,-2.2172e-05,1.4675e-05,1.3036e-05,-2.4866e-06,-3.4044e-07,1.5376e-07,-2.3247e-05,-1.244e-05,-1.1668e-05,1.1938e-05,-1.7089e-05,1.3474e-05,1.4972e-05,7.2352e-06,-1.4435e-05,-6.5381e-06,2.3913e-06,1.0624e-05,-4.7586e-06,-5.2247e-07,-9.5218e-06,1.1972e-05,-1.6168e-05,9.3949e-06,1.711e-05,1.1772e-05,6.1298e-06,-1.2977e-05,3.5147e-06,1.4217e-05,-2.7834e-05,-9.115e-06,1.1572e-05,-1.1092e-05,4.0579e-06,-2.3301e-05,-9.8812e-06,-9.3884e-06,-3.0589e-06,-3.2128e-06,1.6685e-05,-1.1755e-05,2.9795e-06,-2.9047e-05,1.2765e-05,2.4931e-05,2.2547e-05,6.4417e-06,3.6057e-06,-6.6078e-06,7.4957e-06,1.809e-06,4.5096e-06
1.6613e-06,9.4571e-06,-9.245e-06,2.5226e-05,-5.1192e-06,9.0503e-06,8.8261e-06,3.5538e-06,1.3297e-05,-2.2141e-06,2.4162e-06,7.301e-06,-1.607e-05,-1.1206e-05,-6.0391e-06,4.0306e-06,3.0302e-06,4.9214e-06,-3.1841e-06,-3.8531e-06,4.4609e-06,6.3241e-06,3.1629e-06,-1.3223e-05,-9.1231e-06,1.0781e-05,-9.9531e-06,-3.5333e-06,0.039954,5.3342e-06,-7.07e-06,5.9972e-06,-3.5137e-06,3.7281e-07,1.4646e-05,-1.1797e-05,-3.8605e-06,-3.8947e-07,4.1979e-06,3.555e-06,4.3146e-06,-1.23e-06,-1.0246e-05,-5.9772e-07,1.0698e-05,-6.1824e-06,-9.3857e-06,-6.1477e-07,-9.0785e-06,-2.0424e-06,2.6961e-06,1.1552e-06,1.2543e-05,-5.8137e-08,1.5445e-06,7.8339e-06,3.9811e-06,5.7362e-06,5.5682e-06,1.277e-05,-1.0921e-06,-8.8934e-06,1.8971e-05,3.7248e-06,-8.5913e-06,2.4775e-06,7.283e-06,4.0137e-06,-5.5493e-06,-2.0537e-05,1.0714e-05,-1.1193e-05,-1.6974e-06,8.7634e-06,6.9672e-06,1.0763e-05,-6.3275e-06,7.2249e-06,-1.2335e-05,-1.6487e-06,1.9942e-05,-7.8039e-06,-3.1027e-06,1.9246e-05,7.8827e-06,1.7675e-05,-1.1572e-05,-1.3217e-05,1.2064e-05,-5.7176e-06,8.3935e-06,2.9788e-06,-2.6823e-06,4.0395e-07,-1.0975e-05,-1.2772e-05,-2.069e-05,4.9244e-06,-1.1055e-05,1.0744e-05
-3.1862e-06,7.7199e-06,-1.5319e-06,1.7087e-05,1.6212e-05,1.0037e-06,-8.2172e-06,-2.5384e-06,7.6907e-06,-1.1392e-05,-7.1503e-06,-4.496e-06,9.0822e-06,1.7853e-05,-1.1069e-05,-1.2606e-05,-5.447e-06,-7.9211e-06,6.4543e-06,-5.0527e-06,9.3375e-07,-8.1824e-06,-8.2107e-06,1.2189e-05,9.5674e-06,9.1622e-06,2.8103e-06,9.7959e-06,5.3342e-06,0.039941,5.0912e-06,1.5754e-05,7.9036e-06,4.9032e-06,-2.0888e-06,-1.1569e-05,-1.5747e-05,-2.1637e-05,3.2687e-06,2.0647e-05,-6.7851e-06,1.3495e-05,-1.2989e-05,-1.8855e-05,6.6159e-06,-1.9549e-05,1.383e-05,1.1298e-05,8.0498e-06,3.7084e-07,-4.0093e-06,3.3464e-06,7.9507e-06,-1.586e-05,8.1059e-06,-1.3669e-06,7.3788e-06,6.7462e-06,1.7239e-05,5.5947e-06,2.918e-06,-5.0978e-06,-4.3163e-06,-2.6252e-06,-1.1774e-05,1.054e-05,1.3678e-05,-1.8702e-05,-2.0097e-05,-3.314e-06,-1.8368e-05,2.531e-06,1.3684e-05,2.7957e-06,-6.4023e-06,1.6316e-07,-6.6053e-06,-1.3219e-05,-2.4764e-06,1.0041e-06,-1.402e-05,3.5783e-06,6.9215e-06,-1.8426e-05,5.9342e-07,-9.0164e-06,1.993e-06,-1.4389e-07,-1.3648e-05,-3.2452e-06,-9.9854e-06,9.1695e-06,-8.3977e-06,1.397e-07,8.7567e-06,7.3137e-06,-5.1962e-06,8.4113e-06,1.178e-05,1.6049e-05
-7.2572e-06,-9.9343e-06,-3.7281e-07,-1.2265e-05,2.0001e-05,-2.805e-07,-1.3953e-05,1.2345e-06,2.4745e-05,8.0201e-06,1.0011e-05,-9.3055e-06,-5.558e-06,2.3705e-05,2.3556e-06,1.398e-05,-9.9548e-07,-8.2586e-06,-1.8931e-06,1.6201e-06,-7.143e-06,-4.8915e-06,-9.8018e-06,1.41e-05,-2.1776e-06,8.3181e-06,-1.2215e-06,1.0498e-05,-7.07e-06,5.0912e-06,0.039947,-2.9464e-06,1.1241e-05,-1.9688e-06,7.1841e-06,2.6757e-06,-5.8724e-06,1.2472e-06,-1.1335e-05,-6.6768e-06,7.2186e-06,-7.9149e-06,1.0591e-05,-1.587e-06,8.3762e-06,1.3105e-05,1.426e-05,-4.9829e-06,1.2734e-05,-6.0275e-06,8.8489e-06,6.3969e-06,-2.3963e-06,-1.7794e-06,-1.5762e-05,4.6916e-06,6.7585e-06,-1.3323e-05,1.5282e-05,-4.44e-06,3.5036e-06,-2.5729e-05,-2.1145e-05,1.0546e-05,1.0287e-05,5.6272e-06,7.1603e-06,-1.5244e-05,-7.4158e-06,-4.1135e-06,5.7151e-06,-5.9796e-06,1.59e-05,2.0675e-06,-1.4657e-06,-7.8338e-06,-3.0857e-06,-2.1473e-06,3.246e-06,-2.4906e-06,-1.6189e-05,1.2759e-05,-1.4039e-05,-2.5516e-06,-3.662e-06,-4.9574e-06,1.0412e-05,4.6428e-06,-2.3184e-05,7.2051e-06,-2.1855e-05,8.586e-06,-1.4734e-07,-1.4207e-07,-1.4126e-06,1.2066e-05,8.6836e-06,1.8742e-05,8.5692e-06,7.3675e-06
-1.208e-06,5.4921e-06,-5.4512e-06,2.6062e-06,1.2462e-05,-4.1368e-06,-1.4127e-05,8.3624e-07,-1.8858e-06,-1.0503e-05,-8.5017e-06,3.7906e-07,1.1829e-05,7.5218e-06,3.6835e-06,-3.2971e-06,-1.4301e-05,1.4836e-06,3.9286e-07,2.0195e-06,1.6991e-05,-1.47e-05,-1.1539e-05,4.4592e-06,8.7603e-06,1.5123e-05,7.8048e-06,1.2435e-05,5.9972e-06,1.5754e-05,-2.9464e-06,0.039924,1.3128e-05,-1.0357e-05,6.2491e-06,1.9336e-06,-9.1793e-06,-5.7709e-06,-7.4035e-06,5.6575e-06,2.3606e-06,-1.379e-06,-1.9297e-05,-6.3563e-06,1.0778e-05,-1.2287e-05,-5.4423e-08,9.8599e-06,5.9353e-06,6.5927e-06,7.9951e-07,3.1318e-06,1.6666e-05,-4.5808e-06,1.399e-06,-4.98e-07,6.6636e-06,-1.8964e-06,3.5899e-06,1.5246e-05,1.4014e-05,7.8637e-06,1.8764e-06,6.5353e-06,-7.864e-06,1.966e-06,5.0397e-06,8.644e-06,-1.2786e-05,1.5135e-05,-1.2926e-06,3.7259e-06,7.3355e-06,2.0331e-06,-3.4658e-06,8.7064e-06,6.4256e-06,-4.9661e-06,4.0702e-06,9.5742e-06,-1.2702e-05,-1.0079e-05,1.1917e-05,-1.0422e-05,5.9892e-06,-3.7325e-06,3.3722e-06,-1.2374e-06,-1.2457e-05,9.0832e-06,2.4167e-06,-7.2399e-06,1.0016e-05,2.1166e-06,-2.9884e-06,-1.6198e-06,-1.0899e-05,5.3279e-06,9.1045e-07,1.7607e-06
6.7307e-06,6.3502e-06,-1.0053e-05,-1.38e-05,1.3963e-05,-1.4129e-05,-1.3751e-05,6.3842e-06,-1.3237e-06,-6.6094e-06,-2.6897e-06,-3.8884e-06,1.0555e-05,9.7275e-06,7.2642e-06,1.8547e-05,-4.3328e-06,-1.7922e-05,-4.1977e-06,-6.6681e-06,1.6378e-05,-2.1226e-06,1.8101e-06,-1.7179e-06,1.2252e-05,1.7326e-05,1.2752e-06,8.9539e-06,-3.5137e-06,7.9036e-06,1.1241e-05,1.3128e-05,0.039963,-4.1928e-07,-3.0724e-06,2.3482e-05,-2.1964e-06,-1.7046e-05,-3.6336e-06,9.5619e-06,1.1531e-05,-6.5889e-06,-2.1074e-05,1.3899e-06,2.5492e-05,-3.3305e-06,5.045e-06,-1.2078e-05,6.4866e-06,1.3126e-05,-7.4119e-06,1.2838e-05,8.4709e-06,-9.7042e-06,-8.5476e-07,1.0553e-05,1.1354e-06,-2.756e-05,1.5693e-05,1.533e-06,1.0728e-05,-6.0819e-06,-1.5284e-07,8.542e-06,-9.1803e-07,1.0676e-06,8.7046e-06,5.9584e-06,3.1433e-06,2.7367e-06,4.4313e-06,1.4835e-05,-4.3339e-06,7.9509e-07,7.1928e-06,-4.9384e-06,-6.5065e-07,-8.3444e-06,-8.5768e-06,1.1119e-05,-7.7503e-06,-9.0927e-06,-5.833e-07,-6.7271e-06,-1.4092e-05,3.566e-06,-7.8087e-06,1.5283e-05,-2.029e-05,1.179e-05,-2.1077e-05,4.5678e-06,1.0219e-05,2.459e-06,-3.4728e-06,-2.0459e-06,4.3656e-06,8.1022e-06,1.8486e-05,1.51e-06
-3.0514e-06,-1.6134e-05,1.6253e-05,-1.4752e-05,-1.7374e-05,-1.6678e-05,2.9212e-06,1.077e-05,-7.8106e-06,-1.4717e-06,-9.432e-06,7.2413e-06,-8.0803e-06,2.8162e-06,-1.1881e-05,2.0519e-05,4.2666e-07,-9.3677e-06,8.6183e-06,-5.9705e-06,-1.4689e-05,3.9191e-06,-1.952e-05,-5.0976e-06,1.7727e-05,-1.9775e-05,-2.3516e-06,1.0768e-05,3.7281e-07,4.9032e-06,-1.9688e-06,-1.0357e-05,-4.1928e-07,0.039952,-9.5633e-06,1.9394e-06,-1.0028e-06,2.401e-06,-2.9736e-06,-2.4004e-06,-6.5861e-06,5.185e-06,-8.7121e-08,3.2896e-07,-1.1498e-05,-2.2665e-06,-9.0001e-06,-1.9441e-05,3.8172e-06,-7.8445e-06,-3.0475e-06,-2.0872e-06,-1.4263e-06,-1.1112e-05,1.8722e-07,9.2117e-06,-6.0706e-06,9.6698e-06,-6.2924e-07,-5.223e-06,1.3613e-06,-1.2444e-05,-1.8827e-06,-4.4923e-06,-1.6595e-06,-3.3265e-06,-7.886e-06,-7.0732e-06,1.4537e-06,-2.1663e-05,1.1754e-05,1.3216e-06,-3.8556e-06,1.8518e-06,1.9599e-06,3.4113e-06,-9.1909e-07,-1.985e-05,-1.6187e-05,-7.677e-06,1.0402e-06,1.4175e-05,-1.1059e-05,7.4413e-06,-2.6491e-06,7.8838e-06,2.837e-07,9.1412e-06,1.5835e-06,-3.6823e-06,-5.0986e-06,1.7577e-05,-1.9115e-05,-8.8451e-06,1.0848e-05,1.7134e-05,-1.8921e-06,2.8231e-06,-2.0458e-05,-7.1834e-07
-1.4001e-05,2.843e-05,-8.1901e-06,5.4077e-06,1.4774e-06,3.0836e-05,-3.8318e-06,1.5492e-05,6.5411e-06,7.3788e-07,2.2204e-06,2.405e-05,-2.7173e-06,1.3834e-05,-5.854e-06,-3.4454e-05,2.4421e-06,3.0084e-06,1.266e-05,1.4141e-05,1.4399e-05,4.8684e-06,3.9229e-05,-2.6632e-06,1.289e-05,-2.7405e-05,2.063e-06,-7.0706e-06,1.4646e-05,-2.0888e-06,7.1841e-06,6.2491e-06,-3.0724e-06,-9.5633e-06,0.039988,-1.577e-05,-4.8797e-06,-1.8377e-06,8.0034e-07,2.1842e-06,5.3528e-06,-5.1195e-06,2.3308e-05,4.5389e-06,-7.1542e-06,4.019e-07,-3.7693e-05,5.7108e-06,7.3607e-06,1.1515e-06,-1.4563e-05,-1.6098e-05,2.6787e-06,4.5991e-06,7.3343e-06,2.3679e-05,2.3172e-05,-3.2717e-06,1.1875e-05,7.1501e-06,-1.2335e-05,8.2168e-06,3.7297e-05,-2.3428e-05,-1.3208e-05,-3.5727e-06,9.9438e-08,2.0152e-05,2.1219e-05,9.4737e-06,8.2327e-06,-2.0509e-05,1.7142e-05,8.2837e-06,1.8868e-05,-1.7045e-05,1.8577e-05,7.4711e-06,6.3311e-06,-1.8094e-05,1.4083e-05,1.1792e-05,8.0063e-07,2.4371e-05,3.976e-05,-4.193e-06,1.4294e-05,8.1266e-06,6.2737e-06,5.028e-06,9.3625e-06,-7.4873e-07,1.0565e-05,1.5279e-06,-1.9395e-05,3.1214e-06,-4.5606e-06,3.7629e-06,6.165e-06,1.3041e-05
