0.039863,-2.4934e-05,-3.3211e-05,1.4143e-05,1.0092e-05,-5.5073e-07,6.2071e-05,-1.3701e-06,1.6016e-05,-2.0115e-05,3.1578e-05,-3.5229e-06,-1.0168e-05,1.75e-05,4.6816e-06,9.4626e-07,-3.7216e-06,1.957e-05,-2.7866e-06,-2.5285e-05,3.9597e-05,3.4524e-05,-2.8409e-06,-9.0499e-06,-2.5564e-05,-1.2584e-05,1.8946e-06,5.9452e-06,-1.667e-05,3.51e-05,4.9577e-06,1.0796e-05,-1.6112e-05,-1.9921e-06,-3.2929e-05,-3.3876e-05,-8.0816e-06,-1.3057e-05,-4.3183e-06,1.997e-05,-2.1529e-05,-2.9334e-05,-6.5458e-06,-2.511e-05,2.0284e-05,-8.702e-06,-1.6186e-05,9.1885e-06,-2.3634e-05,3.5373e-05,-1.5554e-05,-5.7298e-05,2.6238e-05,1.1967e-06,-2.1682e-05,-1.4625e-05,-6.5838e-07,-1.6082e-05,1.5352e-05,2.1832e-05,2.789e-05,2.6072e-05,-1.0203e-06,7.5177e-07,-5.0049e-05,-2.0916e-06,3.1467e-05,2.3387e-05,-9.6486e-07,-2.948e-05,-4.8415e-05,-2.8141e-05,2.7217e-05,-4.8533e-05,2.6313e-06,-5.2182e-05,-8.9579e-06,-6.8955e-06,8.5135e-06,7.8382e-06,2.3351e-06,1.8383e-05,3.3353e-06,2.2911e-05,-6.0972e-06,2.4403e-06,-3.2955e-05,-2.2118e-05,9.3943e-06,-7.9512e-07,2.131e-05,-1.5511e-05,2.0467e-05,8.6153e-07,-3.5575e-05,-9.659e-06,4.0636e-05,-1.309e-05,-1.9051e-05,-1.917e-05
-2.4934e-05,0.039878,-2.2611e-05,2.6503e-05,-1.772e-05,-8.1847e-06,-3.0993e-06,-5.4528e-06,-3.6864e-05,4.8983e-05,-2.3722e-05,-1.4314e-05,2.1149e-05,-5.0517e-06,2.0151e-05,8.4666e-06,9.5829e-06,1.4545e-05,-1.8086e-05,-8.6999e-06,-1.2932e-05,-3.1173e-05,3.5489e-05,-8.6207e-06,1.4967e-06,1.2464e-07,-1.5834e-05,2.3188e-05,2.1729e-05,1.7804e-05,-2.5307e-06,-3.9024e-05,2.3862e-05,-1.0613e-06,-2.5615e-05,3.9544e-05,-3.8171e-06,1.6934e-05,3.1821e-05,-1.2639e-05,-6.5859e-06,1.4281e-05,-2.7774e-05,-3.1069e-05,3.0181e-06,1.7599e-05,-2.8783e-05,-2.7279e-05,7.4969e-06,-7.2325e-06,-9.2076e-06,-2.1426e-05,-3.8589e-06,1.7197e-05,-3.6627e-05,-1.2561e-06,-5.5478e-05,1.7285e-06,4.4982e-06,1.8966e-05,4.6324e-05,1.5223e-06,-9.1079e-06,-3.9701e-05,-2.8879e-05,3.8719e-05,-1.417e-06,-6.7535e-06,-2.4156e-05,-4.6599e-05,-1.1674e-05,-5.3586e-06,2.2557e-05,-4.0644e-05,-5.0382e-06,1.7763e-05,-5.8765e-05,3.4788e-05,-7.9966e-06,3.5157e-06,-2.6074e-05,3.6773e-05,-3.2136e-05,9.0656e-06,3.1302e-05,3.3809e-05,-4.7123e-06,-2.729e-05,-1.332e-05,-1.1754e-05,-5.649e-05,2.8123e-05,-2.5059e-05,-2.5807e-05,-2.3168e-05,4.1514e-06,3.0119e-05,9.1852e-06,-1.0203e-05,2.0594e-05
-3.3211e-05,-2.2611e-05,0.039881,-1.5544e-05,-4.8516e-06,-1.8699e-05,6.2897e-05,-1.2199e-05,-4.1829e-05,2.341e-05,-2.2616e-05,-1.2716e-05,-4.895e-05,-1.7159e-05,-1.7906e-05,-4.8439e-06,1.5317e-06,1.1698e-05,1.0451e-05,2.7155e-06,-1.2323e-06,-1.971e-05,1.2506e-05,5.7644e-05,-1.5545e-05,5.3157e-06,1.166e-05,1.8724e-06,1.5464e-05,1.3995e-06,-4.3516e-05,3.3329e-05,6.9075e-06,9.0138e-06,3.462e-05,-3.1964e-05,-4.5928e-05,-2.1823e-05,1.0749e-06,6.8534e-06,-4.6474e-05,1.1295e-05,5.5494e-06,-2.5814e-05,3.8643e-05,1.1911e-05,-1.7321e-05,6.0427e-06,-1.0092e-05,4.3681e-06,2.2072e-05,3.7934e-05,2.7139e-05,6.2679e-05,-1.2041e-05,-1.1826e-05,5.1084e-06,-9.8989e-06,1.4146e-05,5.228e-05,-2.815e-05,1.6926e-05,8.5818e-06,-2.8067e-06,2.0885e-05,-2.6118e-05,-8.9193e-06,4.5159e-06,-3.9311e-05,1.8479e-05,2.9618e-05,1.8045e-06,-1.6641e-06,-1.8181e-05,2.7243e-05,5.454e-05,-4.8383e-06,2.8788e-05,-4.1639e-06,-2.1295e-05,1.5388e-05,-4.1092e-05,7.0007e-07,-4.4889e-06,-3.8128e-06,7.271e-06,-3.0964e-05,8.0878e-06,-2.528e-05,3.6727e-05,1.2756e-05,2.8928e-05,3.9631e-05,8.1147e-06,4.3432e-05,-1.8633e-05,-3.5813e-06,1.1999e-05,-1.416e-05,1.3141e-05
1.4143e-05,2.6503e-05,-1.5544e-05,0.039827,-2.8648e-05,-1.9275e-05,-2.9304e-05,-6.9885e-06,-5.6789e-06,-6.733e-06,1.7569e-05,-6.1259e-06,-2.7077e-05,-2.5876e-05,4.841e-05,1.3109e-06,-1.8135e-05,-2.7233e-06,3.3636e-06,-1.5044e-05,1.0952e-05,8.1553e-06,2.7007e-05,-6.6112e-06,-1.2778e-05,3.8707e-05,1.5303e-05,2.1168e-05,-1.902e-05,2.8825e-05,3.8611e-05,2.2874e-05,6.8623e-05,-5.8862e-05,2.3718e-05,3.6511e-05,-2.5721e-06,-4.9015e-06,-1.3456e-05,1.2704e-05,1.4686e-05,-2.6231e-05,-3.8567e-06,-1.3221e-05,1.4894e-06,-2.883e-05,2.9959e-05,2.0609e-05,4.3366e-06,5.792e-07,-2.879e-05,4.4297e-06,2.3931e-05,-1.5665e-05,-2.4172e-05,-2.152e-06,1.5967e-05,1.7926e-05,2.1203e-05,-4.5116e-05,3.2483e-05,7.025e-07,-3.3293e-05,1.0094e-05,-1.6731e-05,-8.2265e-06,-1.217e-05,1.1757e-05,2.5053e-05,-4.2662e-06,-1.243e-05,1.6435e-05,2.3698e-06,-9.0484e-06,3.5348e-05,6.3073e-05,-3.204e-05,1.7367e-05,-4.5746e-06,-1.9943e-05,-1.2166e-05,1.937e-05,-1.7017e-05,1.8243e-05,-1.6212e-05,8.2786e-06,2.0126e-05,1.173e-08,5.2431e-06,1.4455e-05,5.3921e-06,-6.9732e-06,1.1597e-05,-1.2787e-05,1.5853e-06,-5.9056e-06,1.8624e-05,2.5084e-05,-3.537e-06,-3.4873e-06
1.0092e-05,-1.772e-05,-4.8516e-06,-2.8648e-05,0.039857,2.1865e-05,8.714e-06,7.9154e-06,2.6127e-05,2.9754e-05,-3.6446e-05,-6.6433e-06,4.4142e-06,-9.0733e-06,7.592e-07,2.0816e-05,1.5564e-05,-2.4638e-05,-8.9403e-06,4.8662e-05,1.8777e-05,-9.1247e-06,6.608e-05,-9.2757e-06,-1.0009e-05,-1.6401e-05,-1.9661e-05,-1.1985e-05,-7.4434e-06,-2.732e-05,-9.2294e-06,-3.4611e-06,4.3574e-05,2.0059e-05,-2.1729e-05,1.8105e-05,-1.5627e-05,1.2856e-05,6.2007e-06,-1.6251e-05,-5.2872e-05,3.3201e-05,1.1215e-05,-5.2328e-06,4.1274e-05,2.5981e-05,2.907e-05,-2.4692e-05,2.292e-05,-4.0869e-06,-1.5477e-05,-2.9506e-06,5.9988e-06,1.5807e-05,1.0155e-05,3.9074e-05,-5.5048e-06,6.8543e-05,6.1917e-07,3.6125e-05,-7.4871e-06,-1.1406e-05,2.3292e-05,1.8158e-05,-1.8578e-05,4.1826e-05,2.5568e-06,1.9458e-05,-2.7068e-06,9.7307e-06,-5.7296e-06,3.2784e-06,-3.6621e-05,-3.0488e-05,-3.5737e-05,-2.5351e-05,-2.3443e-05,-5.5016e-05,8.078e-06,-2.5551e-05,-3.3756e-05,-1.5325e-05,4.5151e-05,1.5845e-06,-4.6756e-06,-5.869e-06,1.8102e-05,-2.3745e-05,-2.1858e-05,-1.6615e-05,2.7177e-06,3.5515e-05,1.4229e-05,8.5191e-06,1.9102e-06,2.1795e-05,-6.9063e-06,1.1084e-05,-1.2533e-05,-1.7861e-05
-5.5073e-07,-8.1847e-06,-1.8699e-05,-1.9275e-05,2.1865e-05,0.039869,-2.9449e-05,-1.1801e-05,-3.0353e-05,2.7402e-05,-9.991e-06,-1.2942e-05,2.5592e-06,2.0754e-05,-1.6183e-05,1.9226e-05,6.0198e-06,8.0903e-06,-4.5783e-05,-3.167e-05,1.6094e-05,2.3282e-06,-1.207e-05,-5.427e-06,8.1887e-06,-2.6334e-05,1.2688e-05,-3.0818e-05,-2.7845e-05,2.2116e-05,4.3464e-05,2.9574e-05,-6.815e-06,2.7261e-05,2.2125e-05,7.9218e-06,-2.7319e-06,-4.0645e-05,1.7991e-05,-1.4304e-05,-1.7805e-05,-4.0033e-05,1.6978e-05,-2.7042e-05,-5.5033e-06,-3.362e-05,3.4422e-05,-2.2013e-05,2.0964e-05,5.8926e-06,4.889e-05,-2.1416e-05,-2.6036e-05,-1.2925e-05,-9.2536e-06,-1.6923e-05,4.5892e-05,2.5989e-05,-1.2166e-06,9.3344e-06,-3.0258e-05,2.1807e-06,2.594e-05,3.0908e-05,-1.0496e-05,-9.0519e-06,6.5895e-05,1.267e-05,-3.4779e-05,3.1015e-05,9.6883e-06,4.2059e-05,1.6588e-05,-5.4972e-06,1.8681e-05,-2.3729e-05,3.1189e-05,-1.7627e-05,6.2865e-08,-1.2876e-05,-1.6907e-05,2.2523e-05,1.5108e-05,-9.2983e-06,2.3732e-05,4.8582e-05,-9.2374e-07,1.3799e-05,-9.0246e-06,-2.2104e-05,-1.7111e-05,-6.9619e-06,-3.3185e-05,3.5803e-05,-2.6871e-05,2.1384e-05,2.3738e-05,-1.2035e-05,-8.7552e-06,2.7993e-05
6.2071e-05,-3.0993e-06,6.2897e-05,-2.9304e-05,8.714e-06,-2.9449e-05,0.039894,3.1132e-05,2.0826e-05,1.1886e-05,-2.6538e-05,3.1824e-05,7.481e-06,-2.0834e-06,-2.1002e-05,-1.3029e-05,-5.1326e-06,-7.227e-06,-3.9013e-05,-1.1075e-05,-4.6913e-05,2.5244e-06,1.2035e-05,1.2302e-05,-7.639e-06,1.0984e-05,2.3102e-05,7.5105e-06,-1.8182e-05,1.0858e-05,-1.3556e-05,3.1355e-05,3.3664e-05,1.6266e-05,1.2514e-05,1.3961e-06,1.4727e-06,-1.6215e-05,-2.7831e-05,1.0987e-06,-2.6983e-05,-2.3898e-05,3.0234e-05,-1.6222e-05,-4.545e-05,3.0012e-05,-1.1099e-05,-3.1418e-05,-3.0032e-05,2.9853e-05,-1.2363e-05,-5.6079e-06,2.9907e-06,1.8059e-05,1.9048e-05,4.1272e-05,-7.3969e-06,-1.7194e-05,-2.1297e-05,1.574e-05,-8.6437e-07,6.6053e-06,-1.1524e-05,2.13e-05,1.3648e-05,-2.6443e-05,9.6102e-06,4.7458e-06,-2.642e-05,3.3065e-05,1.6168e-05,1.6158e-05,-2.1578e-06,1.2907e-05,1.9047e-05,-3.2609e-05,-7.5997e-06,7.2932e-06,6.8663e-05,-1.9628e-05,1.0605e-05,6.8324e-06,-3.5302e-05,-3.6412e-05,-5.668e-06,5.8842e-06,-1.8655e-05,-2.0078e-05,-8.9533e-06,-6.1242e-06,1.9546e-05,1.76e-05,2.2948e-05,3.3682e-05,4.3867e-06,-3.1387e-05,-9.251e-07,7.1399e-06,4.8746e-06,-3.0536e-05
-1.3701e-06,-5.4528e-06,-1.2199e-05,-6.9885e-06,7.9154e-06,-1.1801e-05,3.1132e-05,0.039839,3.9519e-05,1.6419e-05,-2.1107e-05,2.7768e-06,-9.5082e-06,2.2273e-05,9.3463e-06,2.4192e-05,-2.1352e-06,-2.4288e-05,1.3715e-05,4.4495e-05,-2.4128e-05,-2.3403e-06,-3.9393e-06,-4.0405e-05,-3.4242e-05,-9.2196e-06,-1.0558e-05,5.5954e-06,-2.2925e-05,-1.105e-05,2.1866e-05,1.9916e-05,1.4951e-06,5.5537e-06,3.9906e-05,9.0254e-07,-7.4292e-06,-3.4081e-05,-7.1631e-06,-7.196e-06,-1.0985e-05,2.2266e-05,2.0348e-05,-2.0903e-05,-4.496e-05,1.4522e-05,-1.8786e-05,1.0889e-05,-1.6104e-05,8.4669e-06,8.5078e-07,-6.1649e-06,-4.4681e-06,-1.698e-05,-3.7464e-06,2.3486e-05,-3.8062e-05,1.2212e-05,-2.1562e-05,4.0313e-05,-9.3167e-06,-1.0868e-05,-1.4439e-05,3.7685e-05,5.7979e-06,-1.3114e-05,9.4419e-06,2.2594e-05,-1.1736e-05,-7.6394e-06,-3.0947e-05,-1.2294e-05,-2.9573e-05,-7.0527e-06,-1.9027e-05,4.2333e-05,-2.8193e-05,-3.456e-05,5.6658e-06,-1.2041e-05,9.6627e-06,2.7595e-05,1.7086e-05,-1.0337e-05,-8.4762e-06,2.2727e-05,-4.3395e-05,3.7821e-06,1.038e-05,-3.0198e-07,1.1159e-05,1.3289e-05,1.4791e-05,1.4749e-05,-6.6823e-06,1.2795e-05,-1.0452e-05,6.3102e-06,1.5622e-05,1.0418e-06
1.6016e-05,-3.6864e-05,-4.1829e-05,-5.6789e-06,2.6127e-05,-3.0353e-05,2.0826e-05,3.9519e-05,0.039873,-4.2864e-05,1.4898e-06,9.2206e-05,-3.1436e-05,2.8922e-05,1.8134e-05,-1.2815e-05,-3.1473e-05,-4.01e-05,4.2275e-05,3.2319e-05,-4.8321e-05,1.5068e-07,1.9239e-05,-2.799e-05,4.5744e-05,-8.9351e-06,-1.4722e-05,2.8386e-06,-3.001e-05,-9.1149e-07,-7.4669e-06,-2.8663e-05,-2.4323e-05,-8.6014e-06,1.4597e-05,-2.3083e-06,2.733e-05,2.5538e-05,-2.48e-05,-2.2327e-05,2.1421e-06,2.9811e-05,2.4406e-05,1.1698e-05,-8.6816e-06,1.1809e-05,-4.6623e-05,3.8661e-05,3.5893e-05,-8.1052e-06,-2.3778e-05,3.5306e-06,-2.6216e-05,1.1812e-06,1.7698e-05,-2.3263e-06,-3.6197e-05,-7.9874e-06,-8.7061e-06,1.6871e-05,-4.5932e-06,-2.6937e-05,2.5412e-05,2.7355e-05,2.496e-06,6.3401e-06,5.0627e-05,-2.4178e-05,-2.4871e-05,-1.0805e-05,-3.6697e-06,-3.304e-05,-1.277e-05,2.1528e-05,-8.5617e-06,1.3477e-05,-4.0359e-06,-3.7456e-05,6.9002e-06,-6.118e-06,2.9852e-06,2.0219e-06,-2.735e-05,-1.7124e-05,3.2811e-05,3.3527e-06,4.5994e-05,3.1969e-05,-1.097e-05,3.773e-05,4.8033e-05,3.5648e-05,-4.0362e-05,2.5449e-05,-8.3529e-06,8.2454e-06,1.0241e-05,-4.461e-05,8.2594e-06,-1.2379e-05
-2.0115e-05,4.8983e-05,2.341e-05,-6.733e-06,2.9754e-05,2.7402e-05,1.1886e-05,1.6419e-05,-4.2864e-05,0.03992,-1.6268e-05,-2.1479e-05,-6.9055e-06,2.8332e-05,1.4516e-05,1.7374e-05,-4.0946e-05,4.6124e-05,-2.5582e-05,4.1808e-07,-1.8305e-05,-2.7827e-05,1.7895e-06,4.6234e-05,2.0282e-05,-3.1631e-05,2.5044e-06,1.3361e-05,9.6096e-06,-2.7446e-05,-3.9792e-06,5.1435e-05,-1.6868e-05,1.8472e-05,2.8045e-05,-1.9254e-07,9.4642e-06,-2.0345e-05,3.4546e-05,-2.6654e-06,-1.6736e-05,-1.0999e-05,-1.1174e-05,-1.7642e-05,1.9535e-05,2.4461e-05,-5.4051e-05,-4.8988e-05,1.1466e-06,2.3374e-05,5.7148e-07,7.9624e-06,1.6495e-05,1.5028e-05,2.5141e-05,3.5348e-05,-1.0665e-05,2.9916e-05,-5.8003e-07,-1.1581e-05,-7.291e-06,-7.7812e-06,7.7223e-06,5.6116e-05,1.9619e-05,-4.5918e-06,7.4435e-06,1.6521e-05,5.96e-05,-2.6636e-05,2.0771e-05,1.9528e-05,4.8008e-05,-2.448e-05,-4.3658e-05,2.5773e-05,-6.4848e-05,8.0393e-07,-2.5508e-05,-2.7768e-05,8.9443e-07,1.0885e-05,-3.7809e-05,1.495e-05,-4.8846e-06,-5.5522e-07,2.6367e-05,-7.8334e-06,-2.924e-05,1.127e-05,-6.0508e-05,2.2172e-05,-6.697e-06,2.4044e-05,1.4133e-05,3.5087e-05,-1.2377e-05,-1.6158e-06,7.0767e-05,-4.6073e-05
3.1578e-05,-2.3722e-05,-2.2616e-05,1.7569e-05,-3.6446e-05,-9.991e-06,-2.6538e-05,-2.1107e-05,1.4898e-06,-1.6268e-05,0.039845,-4.7291e-06,8.1515e-06,-2.665e-05,2.591e-06,6.0795e-06,-3.0985e-05,-1.1771e-05,1.1734e-05,-9.8208e-06,-2.7419e-05,-1.3706e-05,1.6444e-05,-2.4977e-05,1.1229e-05,2.3595e-06,-7.8939e-06,-2.8938e-08,1.8035e-07,2.3254e-05,-1.0025e-06,9.7319e-06,-4.538e-05,1.4547e-05,-4.8212e-05,-3.1199e-06,3.467e-06,6.4514e-06,-1.9378e-07,9.8329e-06,7.392e-06,-2.2679e-05,8.1277e-06,5.3445e-06,-1.3444e-05,-6.084e-05,2.3243e-06,-3.4457e-05,3.4034e-05,2.376e-06,-4.1061e-06,3.1094e-06,-3.0151e-05,3.3856e-05,2.7837e-05,-1.4183e-05,-6.0738e-05,1.7797e-05,-6.9985e-06,-1.8562e-06,1.1111e-05,4.0004e-05,1.3774e-06,9.9872e-07,3.4736e-05,-2.5395e-05,5.9387e-06,-1.5196e-05,-3.3115e-05,2.1045e-05,2.137e-06,-3.6602e-05,3.7818e-05,-2.4602e-05,1.617e-05,-1.8676e-05,-2.9613e-05,-6.3867e-06,-1.0721e-05,-4.6917e-06,-7.3792e-06,8.3849e-06,5.5397e-07,-1.3549e-05,-1.2971e-06,3.4856e-05,3.7905e-05,-8.8784e-06,-8.3331e-06,-7.2521e-07,6.5218e-06,-2.6461e-05,7.0461e-07,-3.7655e-05,2.0521e-05,2.0804e-05,1.0157e-05,4.3598e-05,-3.2919e-05,6.0612e-06
-3.5229e-06,-1.4314e-05,-1.2716e-05,-6.1259e-06,-6.6433e-06,-1.2942e-05,3.1824e-05,2.7768e-06,9.2206e-05,-2.1479e-05,-4.7291e-06,0.039817,3.8e-05,-1.3058e-05,1.4243e-05,-1.4086e-07,-1.8869e-05,1.5692e-05,1.9988e-05,6.5856e-06,-1.336e-05,-2.4062e-06,2.3536e-06,4.2731e-06,-6.794e-06,-4.7636e-06,-2.6399e-05,5.2779e-06,-4.5126e-05,-1.6586e-05,-3.297e-06,6.6974e-07,2.781e-06,-1.0548e-05,5.9645e-06,2.2332e-05,5.8236e-06,-3.5893e-06,1.8937e-05,1.4841e-05,1.3449e-05,-9.1377e-06,2.4164e-06,-2.908e-06,2.7799e-05,1.7836e-05,2.7873e-05,9.2089e-07,-5.5104e-05,-9.058e-06,-2.3574e-05,-9.1041e-06,-1.6385e-05,-2.7051e-05,1.84e-05,-8.0327e-06,1.21e-05,1.8348e-05,3.889e-05,-2.873e-06,3.7778e-06,-9.9509e-06,-3.221e-05,5.7739e-05,1.5203e-05,-1.2344e-05,-2.0049e-05,-3.2053e-06,3.0217e-07,1.0672e-05,2.9539e-05,-1.5498e-05,1.7662e-05,-3.5457e-05,-3.4679e-05,1.9441e-05,-2.4942e-05,-8.815e-06,4.1486e-05,4.0107e-07,3.3911e-05,-4.7296e-06,1.4871e-05,-4.5342e-05,2.3572e-05,2.1699e-06,5.8507e-06,3.8377e-05,-1.2645e-05,-1.5104e-05,1.4731e-05,6.4331e-06,-9.2901e-06,-1.4547e-05,-3.1094e-06,-1.7221e-06,4.2942e-06,-3.3822e-05,2.5471e-05,1.4166e-05
-1.0168e-05,2.1149e-05,-4.895e-05,-2.7077e-05,4.4142e-06,2.5592e-06,7.481e-06,-9.5082e-06,-3.1436e-05,-6.9055e-06,8.1515e-06,3.8e-05,0.039899,3.5996e-05,-7.2911e-06,-8.9285e-06,3.5546e-05,1.8911e-05,-1.3555e-05,1.4041e-06,-3.376e-05,1.9086e-05,-1.1869e-06,5.4381e-06,3.2261e-06,1.4893e-06,-4.0302e-05,-2.9808e-05,4.5298e-06,6.3263e-06,-2.216e-07,8.1437e-06,-8.7315e-06,-2.1982e-05,-2.0503e-05,-2.3249e-05,-3.5103e-05,2.1359e-06,3.8295e-05,-7.3288e-06,-2.1265e-05,1.7992e-05,-1.0999e-05,-1.4851e-05,-4.5892e-07,3.6677e-07,-2.4668e-05,-1.6842e-06,4.3334e-06,9.9848e-06,1.934e-05,-2.7343e-05,2.1146e-05,1.9157e-06,5.7861e-08,-2.6339e-06,1.8005e-05,3.0819e-05,7.5705e-05,-4.0399e-05,1.6063e-05,1.11e-05,-1.998e-05,-3.3056e-05,3.0895e-05,-3.4977e-07,-6.9734e-05,-3.9703e-05,7.0308e-06,-2.2993e-05,1.3158e-05,-7.5977e-06,-4.4654e-05,-9.5388e-06,2.8045e-05,-3.4705e-05,-5.5714e-05,-4.8709e-05,1.8515e-05,1.53e-05,2.922e-05,5.0235e-05,-3.0993e-06,-2.624e-05,1.5059e-05,2.4777e-05,2.0006e-05,7.8246e-07,-1.151e-05,4.7764e-05,-1.8867e-05,-8.1544e-06,3.917e-05,-1.6064e-05,1.1302e-05,-3.4222e-06,-4.0748e-05,-2.5858e-05,-1.5426e-06,1.6425e-05
1.75e-05,-5.0517e-06,-1.7159e-05,-2.5876e-05,-9.0733e-06,2.0754e-05,-2.0834e-06,2.2273e-05,2.8922e-05,2.8332e-05,-2.665e-05,-1.3058e-05,3.5996e-05,0.03983,1.046e-05,1.794e-05,-2.1496e-05,1.8124e-05,-6.5815e-07,3.0503e-05,-2.3581e-05,3.4249e-05,1.5311e-05,-1.1737e-05,-2.7313e-05,1.9528e-05,1.0602e-05,1.6596e-05,2.155e-05,3.5326e-05,1.3134e-06,1.8692e-05,-2.2155e-05,2.4396e-05,1.2106e-05,-4.1015e-06,3.0744e-05,-2.4002e-05,-7.3388e-06,-1.3683e-05,2.4263e-05,6.1769e-06,5.6144e-06,-3.234e-05,-1.5684e-05,-6.6303e-06,2.4444e-06,1.5895e-06,-1.4351e-05,-2.0528e-05,5.5522e-05,1.5189e-05,-1.8567e-07,-2.386e-05,1.9868e-05,2.6895e-05,2.1291e-05,-3.6011e-05,1.4004e-05,-3.842e-06,-2.6704e-05,1.187e-06,5.0798e-05,-1.3563e-05,1.2095e-05,1.8456e-05,-1.5993e-05,2.8887e-05,-3.0888e-06,-9.6242e-06,-3.1906e-05,1.6753e-05,-1.5786e-05,2.8809e-06,1.4579e-05,1.8568e-05,7.4777e-06,-1.4745e-06,-2.9609e-05,3.8982e-05,2.8606e-05,2.8452e-06,7.7646e-06,1.4221e-05,2.7569e-05,-1.384e-05,-2.5154e-05,-7.9796e-06,-2.2899e-05,-8.3528e-06,-1.6364e-05,8.3021e-06,-5.6121e-05,5.3017e-06,1.5075e-05,-1.4382e-05,-1.8934e-06,-2.8715e-05,-1.7354e-05,-2.7125e-05
4.6816e-06,2.0151e-05,-1.7906e-05,4.841e-05,7.592e-07,-1.6183e-05,-2.1002e-05,9.3463e-06,1.8134e-05,1.4516e-05,2.591e-06,1.4243e-05,-7.2911e-06,1.046e-05,0.039878,-2.33e-06,3.1464e-05,-1.6595e-05,-2.3183e-05,-5.6776e-06,1.0622e-05,-3.8725e-06,-4.0248e-06,-1.0886e-05,1.2047e-05,2.4716e-05,1.0058e-07,-3.2116e-05,-3.5596e-05,3.6826e-05,-1.1073e-05,2.0912e-05,1.533e-05,1.5493e-05,-1.7246e-05,2.7762e-05,7.4114e-05,1.0447e-05,-4.1285e-05,-1.0999e-05,-6.3292e-06,2.2623e-05,-1.1598e-05,-2.6974e-05,1.6461e-05,4.1804e-05,-7.9464e-06,9.0049e-06,3.1778e-05,-3.9575e-05,1.2729e-05,3.1233e-05,2.0988e-05,-2.5221e-05,2.8456e-05,-6.6231e-06,-3.379e-05,-1.2961e-06,1.3635e-05,-1.3271e-05,-3.9902e-05,-1.3369e-05,-2.2023e-05,-3.3886e-06,-1.7533e-05,1.5719e-05,-2.7373e-05,4.6721e-05,1.272e-05,-1.7067e-05,-1.6732e-05,3.597e-05,2.6805e-05,-2.1987e-05,4.2324e-05,-2.3465e-05,-2.4368e-05,1.7252e-05,-2.572e-05,-5.1431e-06,-8.5862e-07,-1.7571e-05,-6.2078e-06,-9.5687e-06,6.4302e-05,2.6565e-05,3.69e-05,2.8731e-05,-2.3232e-05,-3.0003e-06,-4.329e-05,2.241e-05,-4.929e-06,2.1683e-05,2.0968e-05,1.3692e-05,4.5244e-05,4.1404e-06,5.4614e-07,-2.0977e-05
9.4626e-07,8.4666e-06,-4.8439e-06,1.3109e-06,2.0816e-05,1.9226e-05,-1.3029e-05,2.4192e-05,-1.2815e-05,1.7374e-05,6.0795e-06,-1.4086e-07,-8.9285e-06,1.794e-05,-2.33e-06,0.039891,-2.7383e-05,1.3403e-05,9.7354e-06,3.2857e-05,4.5323e-06,1.0067e-05,4.2477e-05,-4.7255e-06,-5.5818e-06,1.8818e-05,-5.4455e-05,5.7791e-06,1.7086e-05,-3.1224e-05,-3.4931e-06,3.416e-05,3.8405e-06,2.1633e-05,-4.4864e-05,1.3582e-05,-1.6154e-05,-6.1427e-06,3.3988e-05,-8.1335e-06,4.2649e-06,2.9656e-05,-2.0578e-05,6.4182e-05,-3.6917e-05,2.7283e-05,3.2307e-05,1.4243e-05,2.4912e-06,2.9966e-05,-2.9254e-05,-2.2924e-05,-2.5957e-05,-2.1047e-05,2.8633e-05,-2.206e-05,-4.6001e-05,-7.018e-06,-1.339e-06,1.9723e-05,2.882e-05,4.9045e-05,-2.1437e-05,3.9058e-05,3.5213e-05,9.1322e-06,-2.2354e-05,-1.6404e-05,3.807e-05,1.4791e-06,1.0309e-05,1.2148e-05,1.0602e-05,2.4738e-05,-2.5987e-05,-1.0433e-05,1.7499e-05,-1.366e-05,-6.9252e-05,-1.0487e-05,-2.2935e-05,-4.8461e-05,-3.878e-05,2.7548e-05,2.5716e-05,-8.1563e-06,8.6386e-06,4.3736e-05,-7.0938e-06,-1.6365e-05,-3.1771e-05,-9.9219e-06,4.0602e-05,-7.1967e-06,2.5743e-05,3.4596e-05,-1.7342e-05,1.2544e-05,6.8093e-06,-5.5005e-06
-3.7216e-06,9.5829e-06,1.5317e-06,-1.8135e-05,1.5564e-05,6.0198e-06,-5.1326e-06,-2.1352e-06,-3.1473e-05,-4.0946e-05,-3.0985e-05,-1.8869e-05,3.5546e-05,-2.1496e-05,3.1464e-05,-2.7383e-05,0.03987,1.3227e-05,2.463e-05,-1.2654e-05,-4.9583e-05,-2.3195e-06,-6.1874e-06,8.7002e-06,-4.3243e-05,1.7232e-05,6.2132e-06,6.861e-06,2.383e-05,-5.5701e-07,-1.2645e-05,-1.7776e-06,-7.7784e-06,2.5405e-05,1.4593e-05,-2.6032e-06,-4.3995e-05,-1.8191e-05,-2.5594e-06,-2.5072e-05,1.7381e-05,1.4743e-05,-9.3094e-06,-1.2443e-05,9.6391e-06,2.7554e-05,-6.7508e-06,1.6857e-05,2.8792e-06,9.6137e-06,2.1805e-05,-2.9926e-06,1.3228e-05,-5.6241e-05,-2.9989e-05,-5.3088e-06,-3.141e-05,2.0101e-05,4.535e-05,-3.158e-05,-3.3376e-07,-2.6344e-05,-3.5146e-05,-2.0303e-05,-2.7057e-05,9.9351e-06,1.6322e-05,-2.7426e-05,-1.8124e-05,-3.1868e-06,-2.5777e-05,-3.5398e-05,-1.0691e-05,-1.2693e-05,-2.9565e-05,-4.9445e-05,-5.7776e-06,1.1557e-05,-2.896e-05,4.0258e-05,-8.9993e-06,-3.926e-05,2.3123e-05,-2.0202e-05,1.4313e-05,2.9659e-05,-1.9653e-05,2.7614e-06,6.5929e-06,-2.2502e-05,-3.341e-06,-4.6922e-06,1.035e-05,-3.1002e-06,3.0199e-05,-2.6224e-05,6.177e-06,-3.0552e-05,-7.0415e-06,8.6905e-06
1.957e-05,1.4545e-05,1.1698e-05,-2.7233e-06,-2.4638e-05,8.0903e-06,-7.227e-06,-2.4288e-05,-4.01e-05,4.6124e-05,-1.1771e-05,1.5692e-05,1.8911e-05,1.8124e-05,-1.6595e-05,1.3403e-05,1.3227e-05,0.039859,3.7369e-05,-6.4377e-05,3.4645e-05,1.8312e-05,1.3522e-06,2.2212e-05,-9.5323e-06,-1.2051e-05,7.9719e-06,1.3799e-05,-1.9809e-05,1.5357e-05,-1.95e-05,5.9169e-06,3.2888e-06,-3.0867e-05,1.0825e-05,-3.3162e-05,-1.6259e-05,-4.2873e-05,1.2024e-05,-4.1926e-05,1.2906e-05,-4.5294e-05,-1.3412e-05,2.0911e-05,5.7273e-05,1.4717e-05,3.1202e-05,1.2753e-05,2.5081e-06,-2.7784e-05,-3.6693e-05,-3.057e-05,-7.437e-06,-3.1172e-05,1.8664e-05,3.3014e-05,1.353e-05,-6.9236e-06,-4.9679e-06,-6.2262e-07,-1.9942e-05,1.3775e-05,4.2067e-05,-4.0103e-06,-1.4505e-06,-8.5522e-06,-1.2965e-05,7.9555e-06,3.1905e-05,9.6037e-06,-6.7068e-06,1.7159e-05,4.9204e-07,3.0073e-05,-1.4744e-05,2.8374e-05,-2.3e-06,3.0647e-06,1.0275e-05,3.6201e-05,3.4932e-05,-2.0063e-05,-1.5015e-05,-5.2124e-05,2.5343e-05,1.2153e-05,-3.1208e-06,-1.0579e-05,-1.6189e-05,-1.9371e-05,-3.8299e-05,-3.8117e-05,-6.8283e-06,2.2661e-06,-5.0036e-05,-3.0016e-05,2.5859e-05,-2.0387e-06,4.564e-06,-1.6826e-05
-2.7866e-06,-1.8086e-05,1.0451e-05,3.3636e-06,-8.9403e-06,-4.5783e-05,-3.9013e-05,1.3715e-05,4.2275e-05,-2.5582e-05,1.1734e-05,1.9988e-05,-1.3555e-05,-6.5815e-07,-2.3183e-05,9.7354e-06,2.463e-05,3.7369e-05,0.039896,6.9286e-05,1.9412e-05,6.1628e-05,-5.3625e-05,3.3116e-05,-1.1125e-05,-1.8158e-05,1.3042e-05,1.7924e-05,-1.7113e-05,6.5287e-06,-3.8507e-05,7.5222e-06,1.2744e-05,-1.168e-05,-2.7065e-05,3.9081e-05,-2.4507e-05,5.9632e-06,3.3231e-06,-6.3971e-06,2.3064e-06,-1.3218e-05,-3.4144e-07,6.1941e-06,9.9687e-07,-3.4373e-05,8.1663e-06,1.5411e-05,1.9394e-05,-1.7659e-05,-1.994e-05,-5.9857e-05,-7.366e-07,-6.2697e-06,9.352e-06,-5.1488e-06,-1.6653e-05,-8.2414e-06,2.7019e-05,1.029e-06,1.707e-05,-2.6096e-05,2.8219e-06,1.0595e-05,1.7513e-05,4.1556e-05,-3.9664e-05,-4.8653e-05,1.0392e-06,8.9354e-06,-5.0998e-05,-2.0229e-05,2.9576e-05,5.6961e-06,-8.1573e-06,2.908e-05,2.8756e-05,-3.1288e-05,-2.3324e-05,-6.7882e-06,-8.5493e-06,1.6129e-05,-1.562e-05,-2.3452e-05,-5.2261e-06,2.605e-05,2.949e-06,6.2433e-05,-2.299e-05,-1.0715e-05,1.6077e-05,-1.3504e-05,8.473e-07,-8.9005e-06,1.3115e-05,3.6255e-06,-5.922e-06,-1.235e-06,2.9851e-05,1.8164e-05
-2.5285e-05,-8.6999e-06,2.7155e-06,-1.5044e-05,4.8662e-05,-3.167e-05,-1.1075e-05,4.4495e-05,3.2319e-05,4.1808e-07,-9.8208e-06,6.5856e-06,1.4041e-06,3.0503e-05,-5.6776e-06,3.2857e-05,-1.2654e-05,-6.4377e-05,6.9286e-05,0.039941,-2.726e-05,-5.1034e-05,-3.5337e-06,-1.576e-05,-2.1362e-05,-1.2252e-06,2.0545e-05,6.3028e-05,-2.6696e-05,-1.2353e-05,-5.5337e-06,4.4191e-05,1.5735e-05,2.0677e-05,9.3982e-06,-1.1953e-05,-1.2958e-05,3.709e-05,-6.5906e-07,9.7253e-06,-3.9194e-06,-6.2446e-06,-2.273e-05,-3.453e-05,-3.9626e-05,-1.6361e-05,2.5341e-05,2.1327e-05,-2.5757e-05,-2.0608e-05,3.3936e-05,1.8735e-05,-1.0383e-05,-9.5914e-06,4.4888e-05,5.8932e-06,3.8475e-05,-1.5417e-05,4.4921e-06,1.9949e-05,-1.5031e-05,-8.7975e-06,2.7152e-05,-2.2836e-07,2.7581e-05,-3.2829e-06,-2.3664e-05,4.3111e-05,-3.957e-05,-1.5075e-05,3.0474e-05,2.5091e-05,-2.9852e-05,3.6002e-05,-2.5727e-05,-9.7767e-06,2.3071e-06,3.7087e-06,-2.153e-05,1.4686e-05,4.3224e-06,-3.7691e-05,1.3654e-05,-2.4972e-06,1.3967e-05,4.0488e-05,2.5206e-05,2.6061e-05,1.2787e-05,-1.4098e-05,-3.0983e-05,4.185e-05,-2.5091e-05,-2.3676e-06,1.5526e-05,7.9265e-06,-2.5246e-05,7.1799e-06,2.265e-05,-5.7367e-06
3.9597e-05,-1.2932e-05,-1.2323e-06,1.0952e-05,1.8777e-05,1.6094e-05,-4.6913e-05,-2.4128e-05,-4.8321e-05,-1.8305e-05,-2.7419e-05,-1.336e-05,-3.376e-05,-2.3581e-05,1.0622e-05,4.5323e-06,-4.9583e-05,3.4645e-05,1.9412e-05,-2.726e-05,0.03986,1.5175e-05,-3.6582e-05,-1.8813e-05,4.0888e-05,-1.9363e-05,-1.8763e-05,-4.9601e-05,-1.4386e-05,2.0581e-06,5.2155e-05,-1.2017e-05,1.7934e-05,-1.6969e-05,-2.3855e-06,-2.684e-05,-1.4725e-05,7.4712e-06,-1.2368e-06,-1.2268e-05,-1.3475e-05,-3.2843e-05,5.3892e-07,2.0999e-05,3.8671e-05,1.8345e-05,-7.0091e-06,-2.7155e-05,-3.203e-05,-1.681e-05,1.7511e-05,5.0133e-07,5.3714e-05,2.4404e-05,-1.8904e-05,-3.8871e-06,1.605e-05,1.8463e-05,-1.6966e-05,1.9e-05,2.7407e-06,3.4064e-05,9.1746e-06,-1.2963e-05,-9.8582e-06,2.0737e-05,1.0617e-05,3.8048e-06,6.4249e-05,-2.4702e-05,-9.7627e-06,-9.5389e-07,-1.1287e-05,9.8862e-06,-2.0422e-05,-4.5399e-05,-1.0515e-05,-6.8384e-06,4.4523e-07,-1.5741e-05,-7.7528e-06,-9.95e-06,-4.0274e-05,3.3429e-05,-3.063e-05,-2.5839e-05,3.0631e-05,-1.3029e-05,3.5436e-05,-3.673e-05,1.8039e-06,-4.517e-05,-5.7727e-06,-1.7612e-05,1.4334e-05,-1.2987e-05,2.1973e-05,9.0783e-06,2.262e-05,3.0696e-05
3.4524e-05,-3.1173e-05,-1.971e-05,8.1553e-06,-9.1247e-06,2.3282e-06,2.5244e-06,-2.3403e-06,1.5068e-07,-2.7827e-05,-1.3706e-05,-2.4062e-06,1.9086e-05,3.4249e-05,-3.8725e-06,1.0067e-05,-2.3195e-06,1.8312e-05,6.1628e-05,-5.1034e-05,1.5175e-05,0.039851,-3.6016e-05,2.9225e-06,-1.7692e-05,-6.2261e-06,-4.1095e-06,-2.3085e-05,7.5305e-06,-1.7777e-05,3.4828e-06,1.9974e-05,-1.7782e-05,5.2224e-05,-2.19e-05,-2.1813e-05,9.5849e-06,6.5841e-06,1.6333e-05,2.2727e-05,2.9953e-06,-8.581e-06,-2.4098e-05,1.6185e-05,-1.1092e-05,-1.5474e-05,1.0874e-05,6.2971e-06,9.9701e-06,1.9967e-05,1.596e-06,8.1604e-06,3.2307e-05,8.8824e-06,4.2531e-06,3.9888e-06,2.2293e-05,-9.6568e-06,-1.4864e-05,-5.7572e-06,-2.2366e-05,2.4812e-05,3.7195e-05,-1.3371e-05,4.5533e-06,2.4343e-05,-1.9591e-05,-1.3638e-05,1.5785e-05,2.8499e-05,5.4834e-06,-3.9654e-05,2.6342e-05,4.3282e-05,-8.695e-07,-5.2509e-06,-6.4808e-06,1.3908e-05,-2.7169e-05,-7.6053e-06,1.2662e-05,2.4395e-05,1.624e-05,5.7316e-05,-2.6529e-05,-1.1676e-05,-6.8899e-05,7.1727e-06,7.4308e-05,8.6416e-07,8.7712e-06,-1.2909e-05,1.4084e-05,2.2281e-05,-1.2666e-06,-3.0426e-05,-2.2153e-05,-2.6628e-05,-2.5038e-05,7.5864e-06
-2.8409e-06,3.5489e-05,1.2506e-05,2.7007e-05,6.608e-05,-1.207e-05,1.2035e-05,-3.9393e-06,1.9239e-05,1.7895e-06,1.6444e-05,2.3536e-06,-1.1869e-06,1.5311e-05,-4.0248e-06,4.2477e-05,-6.1874e-06,1.3522e-06,-5.3625e-05,-3.5337e-06,-3.6582e-05,-3.6016e-05,0.039828,1.2087e-05,3.8226e-07,-1.0664e-05,-3.1228e-06,-1.0471e-05,2.2757e-05,5.5579e-06,4.7273e-06,1.9761e-05,4.2856e-05,-5.7396e-06,-3.9031e-05,1.019e-05,-3.9042e-06,-6.4026e-07,1.3439e-05,2.4584e-05,-4.664e-06,1.6997e-05,2.0248e-05,4.1186e-05,1.409e-05,5.9689e-07,1.0568e-05,-1.2164e-05,6.2455e-06,-1.9913e-05,-3.4568e-05,1.3883e-05,-1.5462e-05,2.3278e-05,1.7559e-05,-1.5905e-05,1.6363e-05,6.0212e-06,4.6857e-05,4.93e-05,-6.8954e-08,-2.6903e-05,-1.9221e-05,-9.3046e-06,-2.1035e-05,-1.9017e-05,4.219e-05,7.1275e-06,-1.2933e-05,-1.5848e-05,2.8824e-05,-1.4977e-05,1.5471e-05,6.6322e-06,1.7562e-05,5.797e-05,3.1517e-05,-1.4702e-06,1.6375e-05,1.1989e-05,2.3136e-06,-1.2668e-05,3.2253e-05,-6.282e-06,-1.7637e-05,1.552e-05,-1.2037e-05,4.6419e-06,7.961e-06,3.972e-05,1.8104e-05,4.2641e-05,-3.4845e-05,1.8724e-05,3.4964e-05,1.7053e-06,-1.5124e-05,4.5197e-06,-5.0823e-05,4.4728e-06
-9.0499e-06,-8.6207e-06,5.7644e-05,-6.6112e-06,-9.2757e-06,-5.427e-06,1.2302e-05,-4.0405e-05,-2.799e-05,4.6234e-05,-2.4977e-05,4.2731e-06,5.4381e-06,-1.1737e-05,-1.0886e-05,-4.7255e-06,8.7002e-06,2.2212e-05,3.3116e-05,-1.576e-05,-1.8813e-05,2.9225e-06,1.2087e-05,0.039893,-1.3519e-05,-9.0403e-06,2.2331e-05,-4.4254e-05,2.9078e-05,-3.7628e-06,-5.7345e-06,2.6163e-06,-1.9146e-05,-2.0381e-06,-1.5704e-05,5.9705e-05,-7.3516e-08,8.6894e-06,-9.6044e-06,1.5359e-05,1.385e-06,-1.7748e-05,-1.347e-05,1.5973e-05,3.5267e-06,1.2532e-05,2.485e-05,-9.5974e-06,3.0828e-06,1.663e-05,2.614e-05,-5.2008e-05,-3.8019e-05,9.2821e-06,2.4329e-05,-1.1412e-05,6.3587e-05,-3.458e-05,1.1546e-05,1.8613e-05,-5.7544e-06,-3.0778e-06,-1.22e-05,1.4467e-06,7.8669e-07,7.8184e-06,1.8059e-06,3.6935e-05,9.0477e-06,2.2289e-05,1.6134e-05,-5.3277e-05,2.4456e-05,-3.4116e-05,-5.7004e-06,2.4248e-06,-3.6011e-06,-3.2007e-07,-3.7969e-05,6.5428e-06,-1.8319e-05,7.3323e-06,2.115e-05,1.862e-05,9.5925e-06,3.417e-05,2.5248e-05,1.3177e-05,-1.4981e-05,2.6248e-05,-1.528e-05,-1.8676e-06,2.0286e-06,8.7535e-06,1.0457e-05,9.9568e-06,-2.6423e-05,-8.2711e-06,-1.9644e-06,4.3252e-06
-2.5564e-05,1.4967e-06,-1.5545e-05,-1.2778e-05,-1.0009e-05,8.1887e-06,-7.639e-06,-3.4242e-05,4.5744e-05,2.0282e-05,1.1229e-05,-6.794e-06,3.2261e-06,-2.7313e-05,1.2047e-05,-5.5818e-06,-4.3243e-05,-9.5323e-06,-1.1125e-05,-2.1362e-05,4.0888e-05,-1.7692e-05,3.8226e-07,-1.3519e-05,0.03993,-3.1046e-05,-2.3695e-05,1.3664e-05,-1.4686e-05,2.5546e-05,1.2932e-05,9.1251e-06,-2.1899e-05,-2.0176e-05,-2.9701e-05,-5.5714e-05,5.8893e-06,1.3576e-05,8.7817e-06,-2.538e-05,-2.2281e-05,-3.1978e-05,-1.9801e-05,2.1136e-05,7.7764e-06,1.1833e-05,1.4472e-05,-2.3056e-05,1.8983e-05,2.3738e-07,1.5676e-05,1.0592e-05,1.2497e-05,-2.4938e-05,1.0397e-05,-1.2787e-05,1.768e-05,3.1296e-05,-4.9428e-05,-2.6394e-06,1.1258e-05,-4.342e-05,-1.2004e-05,5.4377e-06,1.6884e-05,-1.6526e-05,2.6198e-05,-2.6185e-05,6.21e-05,-3.8251e-05,2.5036e-05,-1.4055e-05,3.6482e-05,5.6938e-06,2.3107e-05,-4.2399e-05,1.0858e-05,1.3971e-05,1.969e-05,-1.0963e-05,3.7278e-05,6.1859e-06,-2.5633e-05,4.7694e-05,6.9547e-06,-4.9469e-06,-6.1893e-06,1.5585e-05,3.5442e-05,2.7026e-05,2.5065e-05,-7.4615e-06,3.5388e-06,-3.1311e-05,1.8156e-05,5.2649e-06,4.7715e-06,-6.5088e-06,2.4898e-05,2.2007e-06
-1.2584e-05,1.2464e-07,5.3157e-06,3.8707e-05,-1.6401e-05,-2.6334e-05,1.0984e-05,-9.2196e-06,-8.9351e-06,-3.1631e-05,2.3595e-06,-4.7636e-06,1.4893e-06,1.9528e-05,2.4716e-05,1.8818e-05,1.7232e-05,-1.2051e-05,-1.8158e-05,-1.2252e-06,-1.9363e-05,-6.2261e-06,-1.0664e-05,-9.0403e-06,-3.1046e-05,0.039891,-5.4317e-05,2.2458e-05,-1.5654e-05,-1.9225e-05,6.5489e-06,3.4925e-05,4.1335e-06,-4.3722e-05,-1.9983e-05,1.8814e-05,3.8782e-05,-4.8615e-06,5.6011e-05,3.1689e-05,-1.1908e-05,1.53e-05,-1.0185e-07,-1.9239e-05,1.3535e-05,3.0013e-05,3.173e-05,3.5327e-05,4.3342e-05,2.0753e-05,-5.1548e-05,-5.6325e-06,-1.7039e-05,8.4644e-06,-2.971e-05,1.4976e-06,-4.3457e-06,5.471e-06,6.2803e-06,-1.1998e-05,3.0775e-06,-1.5114e-05,5.3643e-06,1.2155e-05,-1.3162e-05,2.9713e-05,-3.8842e-05,3.2653e-05,-7.398e-06,1.4966e-05,-1.9934e-05,-2.4032e-05,-2.7892e-05,1.4691e-05,-2.4513e-06,3.9427e-06,1.258e-05,4.0432e-05,3.9206e-05,1.9007e-05,-1.9067e-05,-1.7211e-05,-1.4907e-05,5.2029e-05,-1.2366e-05,-4.6457e-05,-4.7562e-06,2.0467e-05,-2.7316e-05,-2.1843e-05,3.7124e-05,-1.8271e-05,-1.7282e-05,1.3692e-07,3.49e-05,-1.6112e-06,1.3385e-05,-1.0524e-05,-1.1024e-05,-8.3633e-06
1.8946e-06,-1.5834e-05,1.166e-05,1.5303e-05,-1.9661e-05,1.2688e-05,2.3102e-05,-1.0558e-05,-1.4722e-05,2.5044e-06,-7.8939e-06,-2.6399e-05,-4.0302e-05,1.0602e-05,1.0058e-07,-5.4455e-05,6.2132e-06,7.9719e-06,1.3042e-05,2.0545e-05,-1.8763e-05,-4.1095e-06,-3.1228e-06,2.2331e-05,-2.3695e-05,-5.4317e-05,0.039797,2.7441e-05,-4.244e-06,4.5568e-05,-4.8561e-06,-1.506e-06,-3.1879e-06,-5.9786e-06,3.5013e-06,3.4934e-06,2.2669e-05,9.2816e-06,-2.6492e-05,2.9481e-05,-8.4849e-06,-1.1625e-05,3.5259e-05,-4.2035e-05,1.9397e-05,-9.3845e-06,2.303e-05,-4.9004e-06,3.8918e-05,-1.9564e-05,6.9154e-06,5.6746e-06,-1.873e-06,1.3261e-05,2.7753e-05,-1.303e-05,3.2551e-05,-3.2754e-05,1.3962e-05,1.5648e-07,-2.73e-05,7.7562e-06,1.4913e-05,-2.8964e-06,2.9385e-05,4.4128e-06,1.6229e-05,-3.9248e-07,-2.1114e-05,-1.2967e-05,-3.219e-05,3.2145e-05,9.0053e-06,-9.7501e-07,1.8932e-05,1.9099e-05,1.6046e-05,-5.2517e-06,1.0543e-05,1.2541e-05,1.7357e-05,3.1137e-05,1.9862e-05,1.1374e-05,2.0334e-06,2.8389e-05,-7.8716e-06,-3.3334e-05,2.2807e-06,-1.5475e-05,-1.552e-05,1.6319e-05,-4.1219e-06,3.4032e-05,-2.084e-05,-4.221e-06,-5.1755e-05,6.6942e-06,2.146e-05,1.1195e-05
5.9452e-06,2.3188e-05,1.8724e-06,2.1168e-05,-1.1985e-05,-3.0818e-05,7.5105e-06,5.5954e-06,2.8386e-06,1.3361e-05,-2.8938e-08,5.2779e-06,-2.9808e-05,1.6596e-05,-3.2116e-05,5.7791e-06,6.861e-06,1.3799e-05,1.7924e-05,6.3028e-05,-4.9601e-05,-2.3085e-05,-1.0471e-05,-4.4254e-05,1.3664e-05,2.2458e-05,2.7441e-05,0.039845,1.4001e-05,-2.8858e-05,1.2514e-05,-1.5703e-07,4.0976e-05,-7.5905e-06,-1.8979e-06,-1.4271e-05,1.5747e-05,5.7501e-07,2.3096e-05,-3.7591e-05,3.4156e-05,-4.3077e-05,-6.0712e-06,-5.7337e-05,2.408e-06,9.0894e-06,-1.0425e-06,4.9758e-05,1.7427e-05,-1.9702e-05,1.1635e-05,6.8978e-06,-3.2104e-05,-9.6874e-06,1.379e-05,4.1602e-05,1.5104e-05,8.5372e-06,-1.0193e-05,-1.1525e-05,4.5673e-05,3.6192e-05,-7.7506e-06,4.0169e-05,9.4657e-06,-3.0059e-05,1.1916e-05,-3.4611e-06,-4.3883e-06,7.6824e-06,-3.9413e-06,3.0757e-05,2.022e-05,-2.8226e-06,-7.7882e-06,3.9258e-06,2.4925e-05,3.1438e-05,2.655e-05,-4.729e-06,2.5677e-05,-3.9792e-05,-2.5694e-05,3.605e-05,-4.6229e-06,2.6213e-05,-2.6211e-05,-1.8937e-06,-7.3517e-05,-1.5823e-06,2.2314e-05,6.8327e-06,-5.2998e-06,-1.6039e-05,-1.322e-05,1.2116e-05,1.3625e-05,-4.1941e-07,-2.561e-05,-4.4509e-05
-1.667e-05,2.1729e-05,1.5464e-05,-1.902e-05,-7.4434e-06,-2.7845e-05,-1.8182e-05,-2.2925e-05,-3.001e-05,9.6096e-06,1.8035e-07,-4.5126e-05,4.5298e-06,2.155e-05,-3.5596e-05,1.7086e-05,2.383e-05,-1.9809e-05,-1.7113e-05,-2.6696e-05,-1.4386e-05,7.5305e-06,2.2757e-05,2.9078e-05,-1.4686e-05,-1.5654e-05,-4.244e-06,1.4001e-05,0.039853,-2.5508e-05,1.0188e-05,-5.2313e-06,-3.0119e-05,4.339e-05,2.252e-05,3.4854e-05,-1.5265e-05,-1.0939e-05,3.464e-05,-4.933e-06,9.5813e-06,1.2619e-05,-1.9303e-05,-1.2011e-05,-2.1934e-05,-4.7717e-06,-5.2102e-06,9.8368e-06,1.0065e-05,-3.3591e-05,-1.1892e-05,2.0261e-05,2.086e-05,3.6617e-05,1.8407e-06,-1.5136e-05,2.1816e-05,-4.3227e-05,1.066e-07,-3.9274e-06,4.1061e-05,-4.545e-06,-2.6301e-06,-1.2523e-06,6.7865e-06,4.3703e-05,1.0582e-05,9.2588e-06,-3.568e-05,1.4564e-05,1.6051e-05,4.1696e-06,3.1616e-05,2.9588e-05,2.0189e-05,-2.4813e-05,1.9362e-05,-1.32e-05,-3.5597e-05,6.7954e-06,-7.8674e-05,-1.172e-05,-1.0556e-05,1.7927e-06,2.7794e-06,-5.526e-06,3.413e-05,-4.1954e-05,5.433e-06,2.4808e-05,3.9807e-05,-1.4771e-05,-4.1837e-06,-7.6201e-06,4.3276e-05,1.8996e-05,-2.4855e-05,-4.3407e-06,-1.4172e-06,-8.6995e-06
3.51e-05,1.7804e-05,1.3995e-06,2.8825e-05,-2.732e-05,2.2116e-05,1.0858e-05,-1.105e-05,-9.1149e-07,-2.7446e-05,2.3254e-05,-1.6586e-05,6.3263e-06,3.5326e-05,3.6826e-05,-3.1224e-05,-5.5701e-07,1.5357e-05,6.5287e-06,-1.2353e-05,2.0581e-06,-1.7777e-05,5.5579e-06,-3.7628e-06,2.5546e-05,-1.9225e-05,4.5568e-05,-2.8858e-05,-2.5508e-05,0.039865,-3.0124e-05,1.9804e-05,-6.2468e-08,-4.0549e-05,2.5542e-05,-1.9332e-06,-8.2275e-06,3.9598e-05,4.4456e-06,-9.4264e-06,9.5366e-06,-1.1522e-05,3.7193e-05,-1.0519e-07,3.3701e-06,-2.256e-05,-4.6301e-07,-1.8828e-05,3.2102e-05,-3.7154e-05,-4.1909e-05,-1.905e-05,1.6141e-05,-3.6454e-05,-1.2607e-05,-1.6162e-05,-9.8166e-06,9.9363e-06,-2.585e-05,2.6936e-05,-2.7954e-05,1.7959e-05,3.0898e-05,-1.2953e-05,4.6649e-06,9.1428e-06,-5.574e-06,2.4111e-05,-8.2757e-06,-7.048e-06,3.4875e-06,1.8772e-05,2.0384e-05,-6.2932e-05,3.9129e-05,1.0116e-05,1.1788e-05,6.5639e-06,-1.0874e-05,-4.7574e-05,3.9864e-05,-2.1951e-05,-2.562e-05,-2.3724e-05,-5.8186e-06,-6.3463e-06,-2.3941e-05,-4.5266e-05,4.9906e-05,9.3366e-06,-2.5707e-06,-3.1267e-05,5.9825e-06,4.8619e-06,-1.152e-05,1.9593e-05,4.6877e-05,-1.7371e-05,-5.4856e-05,2.8718e-05
4.9577e-06,-2.5307e-06,-4.3516e-05,3.8611e-05,-9.2294e-06,4.3464e-05,-1.3556e-05,2.1866e-05,-7.4669e-06,-3.9792e-06,-1.0025e-06,-3.297e-06,-2.216e-07,1.3134e-06,-1.1073e-05,-3.4931e-06,-1.2645e-05,-1.95e-05,-3.8507e-05,-5.5337e-06,5.2155e-05,3.4828e-06,4.7273e-06,-5.7345e-06,1.2932e-05,6.5489e-06,-4.8561e-06,1.2514e-05,1.0188e-05,-3.0124e-05,0.039874,-3.0359e-05,9.965e-06,3.2361e-05,-1.004e-05,4.1388e-05,8.4017e-06,-5.7419e-07,6.4587e-06,1.4504e-05,2.9258e-05,2.0719e-05,2.3617e-05,1.1747e-05,-2.3986e-05,1.5297e-05,3.3257e-06,2.5641e-06,1.181e-05,-5.1042e-06,4.628e-06,1.6928e-05,3.9776e-05,-2.3075e-06,-1.8155e-05,-1.5152e-05,4.1735e-05,9.5188e-06,-3.2026e-06,-2.7639e-06,-5.4285e-06,-4.6012e-05,-3.1043e-05,7.6248e-06,2.3798e-05,-2.1724e-05,1.0347e-05,1.7081e-05,7.5059e-05,1.3474e-05,1.3282e-05,-4.5448e-05,-8.1512e-06,-1.3748e-05,-2.6123e-05,4.1072e-05,-9.6921e-06,-5.3346e-06,2.3754e-07,3.0976e-05,-5.4501e-05,2.0527e-05,1.4788e-06,1.5175e-05,-1.6064e-05,7.369e-06,2.7169e-05,2.8208e-05,-8.4294e-06,2.1244e-05,-4.1548e-06,-2.5175e-05,-6.17e-05,1.934e-05,-3.9386e-05,-7.961e-06,2.5489e-05,4.1927e-06,-2.3724e-05,-3.2807e-06
1.0796e-05,-3.9024e-05,3.3329e-05,2.2874e-05,-3.4611e-06,2.9574e-05,3.1355e-05,1.9916e-05,-2.8663e-05,5.1435e-05,9.7319e-06,6.6974e-07,8.1437e-06,1.8692e-05,2.0912e-05,3.416e-05,-1.7776e-06,5.9169e-06,7.5222e-06,4.4191e-05,-1.2017e-05,1.9974e-05,1.9761e-05,2.6163e-06,9.1251e-06,3.4925e-05,-1.506e-06,-1.5703e-07,-5.2313e-06,1.9804e-05,-3.0359e-05,0.039824,4.3111e-06,1.0433e-05,2.6313e-05,-6.0715e-06,1.3849e-05,2.2314e-05,4.4919e-05,3.674e-06,-7.8873e-06,-3.9741e-05,2.8135e-05,-3.5749e-05,1.0889e-06,-4.9009e-05,-1.5233e-05,1.0818e-05,-1.4409e-05,3.3077e-05,-9.8126e-06,-1.892e-05,-1.7559e-05,-1.8912e-05,1.0643e-05,1.7177e-05,9.9589e-06,-1.2714e-06,7.6941e-06,-5.5045e-06,2.0303e-05,1.222e-05,3.1788e-05,-2.439e-05,-8.8214e-06,-1.434e-06,-1.8687e-05,1.1833e-06,6.9796e-07,-1.5835e-05,3.5773e-05,2.1603e-05,1.5968e-05,1.6916e-05,5.1405e-06,3.5889e-05,-4.8814e-05,2.4411e-05,-6.3122e-05,-5.7146e-06,1.1438e-05,-2.1182e-05,-1.8437e-05,-4.5093e-05,-5.133e-06,2.5722e-05,-4.3847e-05,4.2767e-06,-9.051e-06,1.4024e-05,1.922e-05,-5.357e-05,2.0938e-05,3.8821e-05,2.0632e-05,1.6762e-06,2.3887e-06,-1.2616e-05,1.3563e-05,-1.5338e-05
-1.6112e-05,2.3862e-05,6.9075e-06,6.8623e-05,4.3574e-05,-6.815e-06,3.3664e-05,1.4951e-06,-2.4323e-05,-1.6868e-05,-4.538e-05,2.781e-06,-8.7315e-06,-2.2155e-05,1.533e-05,3.8405e-06,-7.7784e-06,3.2888e-06,1.2744e-05,1.5735e-05,1.7934e-05,-1.7782e-05,4.2856e-05,-1.9146e-05,-2.1899e-05,4.1335e-06,-3.1879e-06,4.0976e-05,-3.0119e-05,-6.2468e-08,9.965e-06,4.3111e-06,0.039942,-7.2808e-06,-4.8031e-06,-1.6187e-05,2.5956e-05,-2.2431e-05,-1.1815e-05,-1.4999e-05,9.6937e-07,-2.1428e-05,-1.1926e-07,2.6466e-05,-4.178e-05,9.7931e-06,5.5344e-05,4.3585e-06,-2.151e-05,7.764e-06,-4.7698e-06,2.1341e-05,1.7015e-05,2.3026e-05,1.9946e-06,5.1519e-05,5.6117e-05,2.7414e-05,-1.5899e-05,4.477e-06,5.5003e-05,-3.6213e-06,2.0201e-05,1.5102e-06,4.9905e-06,-8.1141e-06,2.4547e-07,1.9295e-05,-1.1246e-05,-2.7873e-05,3.5617e-05,-3.4364e-06,-7.3344e-06,-1.9183e-05,5.7371e-06,-5.4604e-06,1.0171e-05,-1.6278e-05,2.7014e-05,-1.2426e-05,1.1061e-05,-4.0428e-05,-4.0616e-05,-3.7689e-05,-3.7284e-05,-9.0882e-06,1.5408e-05,-3.0105e-05,-1.6207e-05,-1.0467e-05,5.6274e-06,3.7111e-05,2.7186e-05,9.8868e-06,2.4535e-05,-2.3891e-05,1.3735e-05,-4.3731e-06,-4.4375e-05,-3.4468e-06
-1.9921e-06,-1.0613e-06,9.0138e-06,-5.8862e-05,2.0059e-05,2.7261e-05,1.6266e-05,5.5537e-06,-8.6014e-06,1.8472e-05,1.4547e-05,-1.0548e-05,-2.1982e-05,2.4396e-05,1.5493e-05,2.1633e-05,2.5405e-05,-3.0867e-05,-1.168e-05,2.0677e-05,-1.6969e-05,5.2224e-05,-5.7396e-06,-2.0381e-06,-2.0176e-05,-4.3722e-05,-5.9786e-06,-7.5905e-06,4.339e-05,-4.0549e-05,3.2361e-05,1.0433e-05,-7.2808e-06,0.039842,-2.7802e-05,4.6621e-05,1.676e-05,-7.3186e-06,8.5781e-06,-8.8671e-06,3.6707e-07,3.1068e-05,2.5956e-05,-1.1104e-05,-2.4967e-05,2.1114e-05,-1.5193e-07,3.7697e-06,-5.981e-06,1.0524e-05,4.8698e-05,4.2538e-05,-8.1751e-06,-8.81e-06,8.9863e-06,-2.7537e-05,-7.0452e-07,2.6979e-07,1.3149e-05,-1.6427e-05,-1.1218e-06,-1.5109e-05,-3.2095e-05,2.7632e-05,2.9781e-05,6.7118e-06,2.6958e-05,2.3795e-06,-4.2995e-05,2.7367e-05,2.5194e-05,-2.6357e-05,-4.4352e-06,3.1369e-05,-1.939e-05,4.9452e-06,-3.3949e-05,-1.094e-05,-1.2111e-06,-2.9751e-06,-1.9149e-05,-1.9871e-05,2.2523e-05,-3.8344e-06,2.3243e-06,2.0096e-05,7.3028e-08,-2.9165e-05,2.1849e-05,-7.1027e-06,-3.6609e-06,-3.5732e-05,2.5139e-05,-3.1555e-05,-6.3385e-06,6.2873e-06,3.4516e-05,-9.9063e-06,2.5311e-05,-1.0769e-06
-3.2929e-05,-2.5615e-05,3.462e-05,2.3718e-05,-2.1729e-05,2.2125e-05,1.2514e-05,3.9906e-05,1.4597e-05,2.8045e-05,-4.8212e-05,5.9645e-06,-2.0503e-05,1.2106e-05,-1.7246e-05,-4.4864e-05,1.4593e-05,1.0825e-05,-2.7065e-05,9.3982e-06,-2.3855e-06,-2.19e-05,-3.9031e-05,-1.5704e-05,-2.9701e-05,-1.9983e-05,3.5013e-06,-1.8979e-06,2.252e-05,2.5542e-05,-1.004e-05,2.6313e-05,-4.8031e-06,-2.7802e-05,0.039825,9.4454e-06,4.1673e-06,-2.2022e-05,-2.6825e-05,-1.0017e-05,1.0983e-05,-9.8352e-06,1.776e-05,-1.7041e-05,8.0837e-06,-1.2376e-05,5.859e-06,-2.34e-06,-2.4184e-05,-9.0586e-07,7.2831e-06,-2.4917e-05,1.8985e-05,-2.2476e-05,2.0619e-06,-3.4954e-06,2.2676e-05,-1.7001e-05,-1.5315e-05,-6.9883e-06,-2.2823e-06,3.5843e-05,-7.6309e-06,-1.6995e-05,2.2073e-05,1.3478e-06,1.0428e-05,-4.3594e-05,-1.4001e-06,-2.3764e-05,2.022e-05,2.7171e-05,-1.1714e-05,3.356e-05,-5.8324e-06,3.2719e-05,-1.6413e-06,1.0715e-05,1.2225e-05,2.26e-06,3.9804e-06,-8.0755e-06,-1.1619e-05,-4.036e-05,8.3773e-06,-2.1655e-07,-2.0988e-05,-3.0275e-05,1.1215e-05,-3.7672e-05,-3.1219e-05,-1.9898e-05,1.9353e-05,1.9403e-05,7.6681e-06,-4.2643e-05,9.9554e-06,-9.2636e-06,1.7987e-05,-3.0144e-05
