0.04009,-3.2565e-05,1.9557e-05,4.8126e-05,1.7882e-06,-2.4748e-06,-8.1003e-05,5.666e-05,3.397e-05,-3.8374e-05,2.1941e-05,-3.7692e-05,3.5788e-05,0.00011303,1.7596e-05,2.9436e-05,8.2034e-05,4.9424e-05,2.4756e-05,-0.00011302,4.4202e-05,-3.5868e-05,-3.7439e-05,-0.00018123,-8.1654e-05,3.6438e-05,-3.9038e-05,-7.2967e-05,8.3806e-05,-9.0662e-05,-0.00010015,5.651e-05,4.9383e-05,6.8302e-05,9.8144e-05,-5.4737e-05,3.4881e-05,2.6427e-05,3.9241e-05,3.8777e-05,2.0875e-05,3.1145e-05,-3.3544e-06,-5.414e-06,-3.4305e-05,-5.4345e-06,-6.6233e-05,0.00011876,1.2974e-05,-0.00013131,-5.3737e-05,-3.158e-05,-0.00010409,2.7669e-05,-7.2046e-06,2.0921e-05,-5.0376e-05,2.299e-05,2.5049e-05,-4.6111e-05,-3.3735e-05,1.2769e-05,-2.365e-05,1.6508e-05,-2.138e-05,-4.237e-05,-3.5828e-05,-3.7578e-05,-1.6593e-05,1.6212e-05,-2.6615e-05,1.0405e-05,-1.3677e-05,3.2851e-05,-5.2264e-05,4.8126e-05,1.85e-05,-6.8174e-05,2.4717e-05,1.9828e-05,4.9294e-05,-9.4884e-06,6.3801e-05,-1.5751e-06,-9.1736e-05,-5.4371e-05,8.6315e-05,3.0363e-06,-5.2425e-05,3.8744e-05,-6.844e-05,-3.5694e-05,-1.7915e-05,1.6421e-05,1.2688e-05,-4.0449e-05,0.00010287,-1.3728e-05,2.1748e-05,1.089e-05,-0.0001251,-5.9733e-07,-1.2446e-05,-2.2027e-07,-1.1519e-05,0.00012484,1.5208e-05,-3.9023e-05,6.2903e-06,1.8275e-05,1.8986e-05,-7.3307e-05,-5.3615e-05,-3.1443e-05,-1.8337e-05,4.2339e-05,8.033e-05,-2.7298e-05,6.1107e-05,-4.6634e-05,3.3236e-06,-9.1316e-06,-4.3528e-05,3.0666e-06,2.6482e-05,-2.9874e-05,-6.7143e-05,-1.3783e-05,3.7273e-05,-6.0049e-05,9.0419e-06,3.3137e-06,0.00012612,-6.2263e-05,-9.4213e-06,-8.9806e-05,-6.11e-05,-1.7085e-05,-7.6075e-05,-1.3933e-05,2.6102e-05,-3.3191e-05,8.9759e-07,-8.6486e-06,-2.4923e-05,-3.8909e-05,5.7855e-05,2.4978e-05,3.8617e-06,7.0823e-05
-3.2565e-05,0.040115,-1.9644e-05,4.8618e-05,-3.2416e-06,-5.2974e-05,6.7184e-05,-2.6606e-05,1.6214e-05,1.6095e-05,-6.0207e-05,9.4262e-05,1.8383e-06,-3.6627e-05,-1.9005e-05,-6.0791e-05,-3.1246e-05,-0.00010321,-9.6963e-07,6.6654e-05,-2.8285e-05,5.285e-05,2.1282e-05,6.9348e-05,5.9775e-05,-1.0693e-06,3.5189e-05,4.9171e-05,9.9027e-06,7.7643e-06,2.3078e-05,-3.9425e-05,3.306e-05,-2.4651e-05,-9.3397e-06,-1.958e-05,-1.4832e-05,-5.6388e-05,-1.8279e-05,-1.7506e-05,-5.4257e-05,6.9388e-06,5.7006e-05,6.1147e-05,2.2687e-05,9.8025e-06,3.7395e-05,-6.1531e-06,3.7406e-05,4.27e-05,1.3035e-05,-4.8254e-06,5.044e-06,-2.0788e-05,6.8829e-06,-3.372e-05,2.4479e-05,1.802e-06,-2.2375e-05,1.8993e-05,2.208e-05,-1.2048e-05,3.2307e-05,-1.9436e-05,-1.0526e-05,-3.0355e-05,-1.4963e-05,3.992e-06,3.8654e-05,-1.0453e-05,-5.67e-05,1.2303e-05,1.4777e-06,5.1026e-05,4.5603e-05,4.7922e-05,-6.6241e-06,1.9121e-05,-2.138e-05,-3.061e-05,-2.082e-05,-1.7559e-05,1.8151e-05,-4.3447e-05,7.208e-05,-6.6372e-06,-6.1106e-06,2.195e-05,5.9933e-06,-2.3068e-05,7.4825e-05,3.7502e-05,5.8076e-05,5.4579e-05,-1.6499e-05,4.5926e-05,-8.6418e-05,-1.5151e-06,1.5516e-05,-3.1525e-05,6.0492e-05,1.8534e-05,3.5965e-06,-6.0391e-05,2.1484e-05,-4.4232e-05,-1.2005e-05,2.096e-05,-2.3269e-05,-7.4945e-05,5.4319e-06,8.1108e-05,1.2452e-05,2.8695e-05,-2.1108e-05,6.5797e-06,-1.3506e-05,-1.3143e-05,-6.849e-06,-3.196e-06,-5.1728e-05,-5.6677e-06,-1.3418e-06,1.6797e-05,-1.5031e-05,-2.4933e-05,7.5405e-05,5.9844e-05,-1.663e-05,4.1305e-05,1.3618e-05,-3.7582e-05,-2.4834e-05,1.8792e-05,1.5831e-05,2.1377e-05,2.7331e-05,-5.6345e-06,7.8075e-05,3.2759e-05,-6.9102e-06,2.3857e-05,3.0034e-05,-9.1142e-06,2.0994e-05,2.4421e-05,1.1558e-05,-9.9558e-06,2.7702e-05,4.6989e-05
1.9557e-05,-1.9644e-05,0.040015,4.812e-06,-9.3779e-06,2.86e-06,-4.3328e-05,1.5938e-05,1.5288e-05,1.4355e-07,2.7988e-06,-1.0659e-05,4.4882e-06,5.4685e-05,6.8962e-06,2.5783e-07,2.8142e-05,2.0708e-05,5.4037e-06,-3.1959e-05,1.2926e-06,-3.2445e-05,-1.3963e-05,-4.6285e-05,-1.7162e-05,1.3237e-05,-3.1098e-05,-2.7425e-05,8.0344e-06,-2.8695e-05,-3.5419e-05,1.2891e-05,5.6474e-06,1.9311e-05,2.2864e-05,-2.6432e-05,1.3444e-05,6.2751e-06,1.8946e-05,2.9468e-06,-7.1364e-06,5.851e-06,-2.3947e-06,-1.2467e-05,-1.6704e-05,9.6686e-06,-2.3753e-05,2.057e-05,-5.7375e-06,-4.2385e-05,-8.4239e-06,-1.8806e-05,-3.0707e-05,1.2184e-05,4.3187e-06,1.8314e-05,-1.4926e-05,7.2101e-06,-3.7669e-06,-1.787e-05,-8.2947e-06,-8.5792e-06,-2.4966e-05,8.7903e-06,4.3291e-06,-5.9738e-06,-1.4329e-05,-6.9689e-06,-5.1715e-06,-1.2629e-05,-1.2296e-05,-2.6604e-06,-6.0412e-06,3.4399e-06,-6.2256e-06,7.1167e-06,2.7223e-07,1.0937e-05,2.9201e-05,2.263e-05,1.5291e-05,-1.3779e-06,2.0116e-05,3.1254e-06,-4.2244e-05,-1.768e-05,2.469e-05,8.0601e-06,-6.7462e-06,7.7677e-06,-1.7693e-05,6.6174e-07,6.1277e-06,-7.8617e-06,1.4122e-05,-1.5934e-05,2.2786e-05,3.5454e-06,7.4732e-07,1.2018e-05,-3.6602e-05,-1.1973e-05,-1.7957e-05,2.1668e-05,-1.3389e-05,3.5228e-05,4.7507e-06,1.6185e-06,6.8024e-06,1.6228e-05,-1.4201e-06,-2.5957e-05,-1.1599e-05,-1.4149e-05,-1.9635e-06,1.1171e-05,2.0367e-05,-1.5085e-05,9.5358e-06,8.5723e-06,-1.1266e-06,1.5042e-05,-6.841e-06,-2.6827e-06,1.0187e-05,-1.5201e-05,-2.2077e-05,6.5572e-06,1.9013e-05,8.8444e-07,9.7379e-06,4.1356e-07,3.3981e-05,-2.3327e-05,-1.4828e-05,-2.4429e-05,-1.4129e-05,-1.8307e-05,-3.4765e-05,-3.69e-06,5.7162e-06,-2.0313e-05,8.2732e-06,6.4884e-06,-2.115e-05,-1.1171e-05,7.1718e-06,2.1995e-06,6.6439e-06,1.6179e-05
4.8126e-05,4.8618e-05,4.812e-06,0.040213,-2.8624e-06,-5.8942e-05,-9.1387e-05,9.7151e-05,0.00015605,-9.4069e-05,2.6881e-05,4.4112e-05,7.0602e-05,0.00018348,-3.1867e-05,-1.377e-05,0.00012605,-8.5591e-05,9.7108e-05,-0.00015821,7.3913e-05,2.0795e-05,-2.2419e-05,-0.00024419,-0.00010765,3.5303e-05,-2.7204e-05,-0.00011173,0.00020546,-0.00021176,-0.00018448,-2.4867e-06,6.4955e-05,0.0001457,0.00022338,-0.00017185,1.0564e-05,4.1822e-05,7.1669e-05,1.8489e-05,-7.5108e-05,5.9212e-07,0.00013514,1.5858e-05,-0.00012398,0.00012759,-0.00011739,0.00020262,6.6793e-05,-0.00034194,-0.00012439,-2.4916e-05,-0.00016056,5.7793e-06,1.7284e-05,-2.8791e-06,-2.1977e-05,3.3288e-05,2.6443e-05,-4.176e-06,-3.867e-05,-2.9845e-05,1.2172e-05,1.2856e-05,-4.9206e-05,-0.00014787,-8.753e-05,-8.8816e-05,9.5536e-05,-1.0852e-05,-0.00017893,1.7345e-05,-4.5149e-05,9.2117e-05,-3.7934e-05,7.708e-05,7.3857e-05,-0.00012494,5.5851e-05,-6.6288e-06,3.9652e-05,-2.4687e-05,0.00015887,-8.8033e-05,-8.7924e-05,-0.00012201,8.3206e-05,-1.4728e-05,-7.4899e-06,2.707e-05,-3.648e-05,-3.1463e-05,7.21e-05,9.2119e-05,1.375e-05,-4.0026e-06,3.3013e-05,-1.0875e-05,3.4652e-05,-9.7147e-05,-0.00016725,3.2118e-05,-4.8459e-05,-4.2103e-06,-4.6495e-05,0.00014172,-1.0161e-05,-7.9924e-05,-9.0123e-05,-5.435e-05,4.7938e-05,-6.9895e-07,-0.00011363,-3.4083e-05,-5.6393e-05,6.505e-05,0.00013804,-9.3103e-05,0.00010659,-9.4507e-05,-5.1921e-05,-3.1913e-05,-0.00010867,4.6061e-05,-4.0218e-06,-7.0687e-05,-2.3838e-05,9.0766e-05,2.9388e-05,-7.8657e-05,4.261e-05,2.6049e-05,0.0001947,-0.00014163,1.3218e-05,-9.5139e-05,-9.21e-05,-6.6946e-05,-0.00014221,-9.3423e-07,-2.0899e-05,-3.7411e-05,7.7138e-05,7.3881e-06,-0.00011817,-2.7082e-05,3.7005e-05,4.4944e-05,5.3936e-05,0.00018506
1.7882e-06,-3.2416e-06,-9.3779e-06,-2.8624e-06,0.040033,-1.2108e-06,-4.9312e-05,1.2127e-05,2.3644e-05,-1.0637e-05,3.0612e-05,-3.9153e-05,1.4327e-06,3.9265e-05,-5.9606e-06,2.4683e-05,3.2867e-06,1.6137e-05,-4.4021e-06,-4.6838e-05,1.1997e-05,-1.4447e-05,-1.901e-05,-6.5765e-05,-2.7182e-05,1.1098e-06,1.0122e-05,-2.4819e-05,3.5199e-05,-3.2206e-05,-3.2952e-05,5.4573e-06,1.8213e-05,3.1721e-05,2.4409e-05,-8.4743e-06,-6.5056e-06,1.6923e-05,-4.7295e-06,-1.231e-05,3.0835e-05,2.5522e-06,-5.6837e-07,2.0905e-06,-3.0638e-06,2.387e-05,-3.6418e-05,-5.139e-06,7.0954e-06,-3.9962e-05,-1.9377e-05,-1.7938e-06,-8.2478e-06,2.281e-06,-8.5215e-06,3.0084e-05,1.2284e-05,2.2697e-05,1.2737e-05,1.0281e-06,-8.1508e-06,3.8452e-06,3.4357e-06,-1.0083e-05,-2.8299e-05,-1.7989e-06,-1.6815e-05,1.794e-05,-6.5997e-06,-6.2469e-07,1.0731e-05,-9.8036e-06,-1.0108e-05,1.0116e-05,-1.0087e-05,1.1233e-05,-1.281e-05,-2.556e-05,3.601e-06,1.8733e-05,-1.3266e-05,2.558e-06,-2.1615e-06,2.4386e-05,-3.3091e-05,9.9471e-06,-4.2793e-06,-2.1197e-05,-5.8726e-06,2.2271e-05,-2.3105e-05,-2.4283e-05,-9.5442e-06,2.0091e-06,4.5206e-06,-1.5033e-05,3.6183e-05,1.1877e-05,7.5767e-07,1.7881e-06,-2.9285e-05,-6.4401e-06,6.5551e-06,2.8777e-05,-3.1343e-07,3.5911e-05,2.9919e-05,-2.0278e-05,5.6264e-06,-1.5245e-05,2.4937e-05,-2.4885e-05,9.1043e-06,-1.5945e-05,1.3651e-05,1.7872e-06,5.1321e-05,-1.854e-05,1.5507e-05,4.4804e-07,1.8658e-05,1.3944e-06,-2.0295e-05,2.3197e-06,-7.8091e-06,-3.0615e-05,-5.4096e-06,-4.1014e-05,1.648e-05,-1.6494e-05,-2.906e-05,1.5474e-05,5.0431e-05,3.7352e-06,1.3575e-05,-7.6886e-06,-2.5258e-05,6.5437e-06,-6.1422e-05,-3.1995e-05,-2.4283e-06,-1.7626e-05,-1.3961e-05,-1.2339e-05,2.2321e-06,1.3376e-05,1.5773e-05,1.3902e-05,-1.5471e-05,-7.8245e-07
-2.4748e-06,-5.2974e-05,2.86e-06,-5.8942e-05,-1.2108e-06,0.040061,-1.8887e-05,7.9906e-06,-5.3443e-05,5.6177e-06,2.8463e-05,-3.2039e-05,-1.1537e-05,-6.3296e-06,8.1494e-06,1.0117e-05,-1.7695e-05,5.1552e-05,-2.1513e-05,-1.8278e-05,-3.1561e-06,-3.0391e-05,1.7594e-06,8.3247e-06,-1.299e-05,2.1138e-05,1.7547e-05,4.4839e-06,-4.1644e-05,2.7489e-05,1.8401e-06,2.8678e-05,-2.364e-05,2.7895e-06,-1.0854e-05,1.8994e-05,1.1605e-05,2.5439e-05,-1.234e-05,7.0725e-06,3.3943e-05,2.7425e-05,-3.5388e-05,-2.0861e-05,-1.98e-06,5.6983e-06,-1.2821e-05,-2.552e-05,-1.4103e-05,3.0133e-05,1.4467e-05,2.4267e-07,6.084e-07,2.4284e-05,-5.5959e-06,1.0151e-05,-3.8163e-06,1.5466e-05,3.2893e-06,-2.698e-05,-1.3599e-05,-2.8326e-06,-1.8158e-06,-1.562e-06,-1.6514e-09,2.7994e-05,9.8577e-06,5.7702e-06,-4.8112e-05,1.7129e-05,5.3682e-05,-1.8146e-05,9.7224e-06,-2.7174e-05,-8.6271e-07,-8.5597e-06,-1.0182e-05,1.6939e-05,5.5556e-06,-4.8926e-06,-6.4801e-06,4.0747e-06,-4.5235e-05,2.849e-05,-1.5622e-05,1.6489e-05,-1.2252e-05,2.9343e-06,-1.6617e-05,-6.072e-06,-5.2643e-05,-1.0141e-05,-2.9895e-05,-4.543e-05,7.8849e-06,-2.5766e-05,4.8406e-05,-1.2437e-05,-1.9276e-05,2.2178e-05,3.7807e-06,-2.1435e-05,1.4188e-05,3.3502e-05,-1.0655e-05,1.0538e-05,2.1752e-05,1.4699e-05,1.6588e-05,3.2531e-05,-6.8546e-06,-2.2577e-05,1.6392e-05,-8.398e-06,3.5437e-05,8.4575e-06,9.3618e-06,3.3171e-06,-1.8743e-05,6.2492e-06,3.5024e-05,-4.6406e-06,3.637e-06,-4.6849e-06,7.446e-06,1.4474e-05,-2.324e-05,-5.1452e-05,1.4689e-06,-7.8382e-06,-3.2923e-05,7.2523e-06,-3.3234e-06,1.261e-05,3.7536e-06,9.35e-06,-1.0886e-05,5.8356e-07,-1.936e-05,-6.1438e-06,-6.2689e-06,-1.0835e-05,-4.67e-05,4.4264e-06,3.0962e-05,7.3323e-06,-8.1032e-06,5.5803e-06,4.4881e-06,-4.4681e-05
-8.1003e-05,6.7184e-05,-4.3328e-05,-9.1387e-05,-4.9312e-05,-1.8887e-05,0.040234,-8.2277e-05,-7.8417e-05,6.2942e-05,-0.00011865,5.0816e-05,-5.7715e-05,-0.00023391,1.6715e-05,-1.0074e-05,-0.00010868,-9.4426e-05,-7.2231e-05,0.00024769,-7.1347e-05,8.0891e-05,3.7644e-05,0.00032356,0.00019922,-3.5827e-05,5.0702e-05,0.00016133,-0.00015448,0.00020105,0.00020859,-4.9474e-05,-1.1021e-05,-0.00016889,-0.00018313,0.00011992,-3.5084e-05,-0.00011571,-6.8268e-05,-1.7938e-05,-3.4023e-05,-5.1859e-05,-3.336e-05,2.2458e-05,0.00011935,-0.00010744,0.00019862,-0.00016711,-1.8425e-05,0.00032844,0.00012967,3.27e-05,0.00014741,-3.7293e-05,2.6204e-05,-9.796e-05,5.4543e-05,-6.7873e-05,-4.3732e-06,5.4787e-05,6.1677e-05,7.8438e-06,7.2119e-06,1.7119e-06,3.4015e-05,8.2426e-05,0.00010548,6.8689e-05,-1.9089e-05,8.0909e-06,5.6389e-05,2.9057e-05,5.5273e-05,-5.5734e-05,6.2259e-05,-3.3507e-05,-2.6927e-05,0.00011976,-7.0874e-05,-4.8879e-05,-6.0247e-05,-9.6942e-06,-0.00011924,1.3754e-05,0.00016719,5.5623e-05,-8.4121e-05,3.0298e-05,2.6259e-05,-6.4007e-05,0.00014595,7.4043e-05,-4.4164e-06,-1.9366e-05,-7.8974e-05,7.6866e-05,-0.00018009,1.2774e-05,-1.553e-05,1.3959e-05,0.00021541,3.1076e-05,4.361e-05,-0.0001101,2.0266e-05,-0.00021496,-5.0301e-05,9.6552e-05,2.7744e-05,-5.3402e-05,-5.22e-05,0.00011917,6.1919e-05,9.3628e-05,9.4845e-07,-3.2639e-05,-0.00021097,0.00010733,-0.00012705,5.8694e-05,-3.6683e-05,2.4804e-05,8.7764e-05,-2.8376e-05,-3.1818e-05,4.9115e-05,0.00011571,4.3714e-05,-9.6123e-05,9.6326e-05,2.3055e-05,-5.1332e-05,-0.00023254,9.2345e-05,-4.465e-05,0.00011478,0.000131,3.6433e-05,0.00024855,7.3539e-05,-2.5411e-06,7.0087e-05,1.1362e-05,5.634e-06,6.7161e-05,3.5455e-05,-6.1491e-05,-7.2474e-05,-4.4627e-05,-0.00010224
5.666e-05,-2.6606e-05,1.5938e-05,9.7151e-05,1.2127e-05,7.9906e-06,-8.2277e-05,0.04014,9.3526e-05,-5.3354e-05,7.1724e-05,-7.3077e-06,2.8794e-05,0.00011806,2.2966e-06,1.0539e-05,5.6124e-05,-6.1256e-06,5.1591e-05,-0.00017486,5.8343e-05,2.6382e-05,-1.9509e-05,-0.00020447,-5.2396e-05,2.6413e-05,-1.7272e-05,-0.00010902,0.0001174,-0.0001848,-0.0001389,2.0445e-05,2.9829e-05,9.8548e-05,0.00015597,-0.00011933,4.6523e-05,8.1635e-05,4.5195e-05,1.0508e-05,-1.9151e-05,3.4735e-05,8.8904e-05,1.0363e-05,-7.6125e-05,7.6411e-05,-0.00011041,0.00012645,5e-05,-0.00027694,-9.525e-05,-5.0073e-05,-0.00011002,2.609e-05,4.328e-05,1.5484e-05,-1.3237e-06,7.1339e-05,5.1179e-05,-5.6764e-05,-8.2107e-06,-2.1515e-05,-3.8517e-05,-7.1677e-06,8.9874e-07,-8.7839e-05,-7.8262e-05,-6.364e-05,2.4224e-05,1.1868e-05,-6.0875e-05,4.5773e-05,-5.3239e-05,3.8429e-05,-3.6883e-06,5.2235e-05,3.334e-05,-8.7804e-05,4.5522e-05,-8.2663e-06,1.7402e-05,-2.8642e-06,7.2063e-05,-6.386e-05,-8.6193e-05,-8.2899e-05,3.6883e-05,-3.5795e-06,-2.9848e-05,3.4107e-05,-5.2624e-05,-6.0315e-05,4.4455e-05,6.0309e-06,1.3439e-05,-8.5204e-05,5.9605e-05,-2.9674e-05,7.6353e-06,-6.2239e-05,-0.00014653,2.9341e-05,-2.2637e-05,2.2584e-05,-2.2442e-05,0.0001245,2.6768e-05,-5.1709e-05,-3.2199e-05,-4.0757e-05,2.5475e-05,-3.4452e-06,-7.8125e-05,-1.3905e-05,-3.3761e-05,5.0059e-05,0.00013214,-8.5073e-05,9.1084e-05,-6.6011e-05,-6.8357e-06,5.6152e-06,-8.1278e-05,-4.1741e-06,-1.1645e-05,-7.0282e-05,-5.3806e-05,7.787e-05,4.4624e-05,-6.6426e-05,4.9523e-06,3.39e-05,0.00017447,-7.3126e-05,-1.4399e-05,-9.7313e-05,-8.5765e-05,-1.0476e-05,-0.00013328,1.0573e-07,-7.4115e-07,-5.8881e-05,1.6066e-05,7.4666e-06,-5.1605e-05,-8.3257e-06,-8.3591e-07,2.8925e-05,-2.0172e-05,7.0652e-05
3.397e-05,1.6214e-05,1.5288e-05,0.00015605,2.3644e-05,-5.3443e-05,-7.8417e-05,9.3526e-05,0.040175,-7.2741e-05,2.7775e-06,-8.6311e-06,4.4796e-05,0.00015321,-1.5138e-06,1.6361e-05,9.6123e-05,-6.9376e-05,9.551e-05,-0.00014899,6.7497e-05,1.1282e-05,-3.3416e-05,-0.00021188,-8.6204e-05,3.4583e-05,-1.3132e-05,-9.5617e-05,0.00019602,-0.00017663,-0.00018394,-1.4876e-05,6.2265e-05,0.00012926,0.0001642,-0.00014089,3.2969e-05,3.6696e-05,4.534e-05,2.4456e-05,-5.1035e-05,-1.9702e-06,0.00011196,3.1767e-05,-8.3336e-05,8.6207e-05,-0.00010213,0.00017043,6.6969e-05,-0.00031125,-0.00011764,-1.8513e-05,-0.00013734,1.5201e-05,-3.2462e-06,1.0661e-05,-1.087e-05,3.0837e-05,1.7683e-05,-7.8551e-07,-4.4155e-05,-2.6525e-05,1.3442e-06,5.1107e-06,-6.8908e-05,-0.0001302,-5.9941e-05,-7.062e-05,6.255e-05,-1.8649e-05,-0.00013889,1.4126e-05,-2.2809e-05,9.0374e-05,-4.1167e-05,8.5603e-05,7.8096e-05,-0.00012086,6.3948e-05,-3.2758e-06,2.1635e-05,-1.1302e-05,0.00014737,-9.0129e-05,-9.3812e-05,-9.5421e-05,6.9321e-05,-2.0976e-05,2.4611e-05,2.738e-05,-1.9411e-05,-2.5016e-05,5.0412e-05,6.8721e-05,1.2596e-05,-3.9521e-06,3.2358e-05,-1.1686e-05,3.6886e-05,-7.3085e-05,-0.00016448,2.518e-05,-4.5948e-05,2.4425e-06,-3.2127e-05,0.0001277,2.3502e-05,-7.1297e-05,-6.0051e-05,-4.7682e-05,5.7042e-05,-3.5691e-05,-7.3211e-05,-2.2123e-05,-4.1842e-05,6.736e-05,0.0001345,-8.4826e-05,8.7293e-05,-8.4844e-05,-3.8494e-05,-1.6241e-05,-9.9304e-05,2.9351e-05,-1.4317e-05,-7.3237e-05,-4.483e-06,5.7579e-05,2.7607e-05,-7.2522e-05,1.7791e-05,4.0916e-05,0.00016557,-0.00012501,3.6901e-06,-7.6631e-05,-8.6927e-05,-5.4349e-05,-0.00014267,-3.9563e-05,-1.4941e-06,-5.8098e-05,5.9798e-05,-1.8304e-06,-9.6132e-05,-2.3013e-05,3.5548e-05,3.5637e-05,1.9347e-05,0.00016353
-3.8374e-05,1.6095e-05,1.4355e-07,-9.4069e-05,-1.0637e-05,5.6177e-06,6.2942e-05,-5.3354e-05,-7.2741e-05,0.040062,-3.3704e-05,2.5298e-05,-4.8299e-05,-0.00011603,-4.0421e-06,-2.601e-05,-9.3089e-05,-2.0451e-05,-4.262e-05,0.00010906,-6.2376e-05,2.667e-05,3.4549e-05,0.00016394,9.445e-05,-2.1959e-05,2.6139e-05,7.2644e-05,-0.00012529,9.3592e-05,0.00010719,-4.5328e-05,-3.1459e-05,-7.1549e-05,-0.00011581,7.2802e-05,-2.3021e-05,-2.6638e-05,-5.3548e-05,-4.3258e-05,1.0446e-05,3.3893e-06,-2.8902e-05,1.1084e-05,7.7591e-05,-5.5202e-05,7.5245e-05,-0.00010914,-1.3915e-05,0.00018745,5.7121e-05,4.0787e-06,0.00010857,-3.1928e-05,1.3462e-05,-2.9346e-05,1.9963e-05,-2.698e-05,-3.7175e-05,1.0894e-05,3.4522e-05,1.3717e-05,6.6836e-06,-2.7613e-05,3.802e-05,5.5691e-05,2.3105e-05,5.2225e-05,-1.9294e-05,-4.4057e-06,6.1701e-05,-6.3133e-06,1.6765e-05,-2.7044e-05,5.6588e-05,-4.3307e-05,-6.7218e-05,7.209e-05,-4.0234e-05,1.215e-05,-4.683e-05,1.7712e-05,-5.8251e-05,2.3014e-05,7.6682e-05,6.0664e-05,-5.6277e-05,1.349e-05,1.2435e-05,-6.3196e-06,6.099e-05,2.7519e-05,-8.6314e-06,-3.1987e-05,-1.1528e-05,9.0924e-06,-4.8377e-05,2.6817e-06,-7.335e-06,3.9963e-05,0.00011631,-5.7306e-06,9.48e-06,-4.123e-06,1.4091e-05,-9.8768e-05,2.3861e-07,2.9414e-05,2.6936e-05,-1.5545e-06,-6.5334e-07,4.3427e-05,5.3175e-05,4.0541e-05,3.513e-06,-3.9741e-05,-7.4453e-05,3.8705e-05,-3.1294e-05,6.0374e-05,9.4299e-06,3.1991e-05,6.5599e-05,-1.6277e-05,-3.5953e-06,3.8551e-05,3.6197e-05,-6.2459e-06,-6.6361e-06,4.4801e-05,-2.1155e-05,-2.7268e-05,-0.00010922,9.8631e-05,-1.244e-05,6.4355e-05,6.2636e-05,2.0504e-05,0.00010275,2.6066e-05,1.6813e-06,4.828e-05,-2.8917e-05,-1.1098e-05,6.275e-05,2.3261e-05,-3.2406e-05,-3.2435e-05,-2.7684e-05,-7.7683e-05
2.1941e-05,-6.0207e-05,2.7988e-06,2.6881e-05,3.0612e-05,2.8463e-05,-0.00011865,7.1724e-05,2.7775e-06,-3.3704e-05,0.040112,-4.3449e-05,1.411e-05,6.9546e-05,-1.4712e-05,5.2076e-06,1.4027e-05,6.0626e-05,1.0998e-05,-0.00012109,4.6329e-05,-1.7375e-05,9.5451e-08,-0.00015226,-6.8633e-05,-7.1464e-06,-2.0869e-05,-8.8148e-05,5.079e-05,-0.00011629,-6.9954e-05,2.2292e-05,-2.7196e-05,6.8214e-05,8.3725e-05,-4.4802e-05,1.3284e-05,7.5686e-05,2.6368e-05,-9.0029e-06,2.2318e-05,8.3119e-06,2.0281e-05,-2.8459e-05,-8.1118e-05,7.8471e-05,-0.00011452,3.5806e-05,-1.0139e-05,-0.00016081,-5.6865e-05,-2.0001e-05,-3.4659e-05,2.3687e-05,2.0628e-05,4.7766e-05,-1.0223e-05,5.3618e-05,3.611e-05,-2.6752e-05,-1.247e-05,-1.7486e-05,-1.6787e-05,-2.1286e-05,1.4835e-05,-8.2003e-06,-4.6208e-05,-2.332e-05,7.5359e-06,1.5387e-06,9.3716e-06,-7.0029e-06,-4.6883e-05,3.7416e-06,-7.3568e-06,-8.8088e-06,1.0379e-05,-5.6992e-05,1.5936e-05,2.7494e-05,8.8033e-06,6.7555e-06,1.0904e-05,-2.0544e-06,-6.6906e-05,-1.1988e-05,-2.8348e-06,-1.9712e-05,-2.3592e-05,2.9401e-05,-6.5793e-05,-5.942e-05,-5.2139e-06,-4.889e-05,3.6338e-05,-7.7837e-05,8.0073e-05,-3.839e-06,-7.3227e-06,-3.088e-05,-8.8967e-05,4.1675e-06,-9.575e-06,7.5496e-05,-2.4692e-05,8.3732e-05,2.2071e-05,-4.1959e-05,-5.5605e-06,1.4394e-05,1.1853e-05,-3.8143e-05,-2.5373e-05,-4.8361e-05,1.4025e-05,-1.4187e-06,0.00010616,-6.3419e-05,6.2732e-05,-8.4435e-06,2.683e-05,-6.9904e-06,-3.1786e-05,5.4175e-07,5.0034e-06,-2.6148e-05,-7.0652e-05,-7.9347e-07,5.1285e-05,-4.0643e-05,-1.6958e-05,2.6978e-05,9.9202e-05,-3.4519e-05,1.6731e-05,-5.1194e-05,-6.161e-05,6.6573e-07,-0.00013902,-2.3973e-05,-1.2812e-05,-2.8195e-05,-1.9468e-05,1.3187e-05,-1.9515e-05,1.2417e-05,-1.6469e-05,1.559e-05,-7.9048e-06,-1.287e-05
-3.7692e-05,9.4262e-05,-1.0659e-05,4.4112e-05,-3.9153e-05,-3.2039e-05,5.0816e-05,-7.3077e-06,-8.6311e-06,2.5298e-05,-4.3449e-05,0.04015,-1.7377e-05,-4.7521e-05,-3.613e-05,-8.1592e-05,-4.281e-05,-0.00010049,1.5184e-05,6.5277e-05,-4.31e-05,4.4924e-05,4.2626e-05,9.1305e-05,6.7572e-05,-2.7905e-05,5.0335e-06,3.9942e-05,-2.8656e-05,-8.7158e-06,4.5009e-05,-5.7309e-05,-3.76e-05,-3.4663e-05,5.2154e-06,-2.0102e-05,-2.0498e-05,-2.6033e-05,-6.0197e-06,-3.5306e-05,-0.0001076,1.426e-05,5.5521e-05,5.0531e-05,1.0499e-05,1.9754e-05,4.394e-05,4.9032e-06,4.269e-05,-2.8228e-05,1.4624e-05,-8.6373e-06,1.5907e-05,-3.5198e-05,5.7351e-05,-3.9859e-05,1.911e-05,6.1397e-06,-3.1632e-05,2.4193e-05,6.033e-05,-2.9087e-05,2.7264e-05,-1.2276e-05,3.4896e-05,-3.0984e-05,-2.109e-05,-3.6467e-05,6.43e-05,-1.507e-05,-7.1965e-05,3.8204e-05,-1.6372e-05,2.5758e-05,6.5184e-05,-2.4811e-06,-9.4462e-06,3.4755e-05,-1.434e-05,-5.0158e-05,-3.5855e-05,-1.0575e-05,1.9613e-05,-6.0926e-05,0.00010087,-3.3638e-06,-1.6311e-05,3.9627e-05,8.6102e-06,-1.7742e-05,6.7709e-05,3.34e-05,7.1087e-05,4.7705e-05,-1.2391e-05,1.5459e-05,-9.8255e-05,-2.4834e-05,1.1683e-05,-2.9362e-05,6.1985e-05,1.9644e-05,-5.0061e-06,-4.2788e-05,2.155e-05,-5.1678e-05,-2.7348e-05,4.15e-06,-2.2279e-05,-5.3188e-05,3.6754e-06,0.00012747,-3.2416e-05,3.8778e-05,-3.5617e-05,-4.1174e-05,-2.4408e-05,-2.5872e-05,2.2957e-05,-1.3391e-05,-4.9247e-05,-6.5567e-06,8.2061e-06,1.2104e-06,-1.5041e-05,-2.1779e-05,6.2886e-05,0.00012773,-1.8094e-06,4.6388e-05,4.2075e-05,-2.2954e-05,-1.4273e-05,1.5829e-05,1.6824e-05,5.4463e-06,6.8751e-05,-1.6007e-05,0.00010992,6.4689e-05,-1.7846e-05,4.5892e-05,3.7889e-05,1.5693e-05,-1.6059e-05,1.8616e-05,-4.1224e-05,-9.4742e-06,3.4268e-05,5.3137e-05
3.5788e-05,1.8383e-06,4.4882e-06,7.0602e-05,1.4327e-06,-1.1537e-05,-5.7715e-05,2.8794e-05,4.4796e-05,-4.8299e-05,1.411e-05,-1.7377e-05,0.040064,9.1752e-05,2.8661e-05,3.1861e-05,7.2375e-05,2.6375e-05,4.5913e-05,-7.8852e-05,3.3844e-05,-4.8112e-05,-2.9332e-05,-0.00010639,-8.5324e-05,3.8648e-05,-1.0863e-05,-3.5241e-05,0.00010376,-5.1992e-05,-8.8191e-05,4.738e-05,3.9818e-05,5.7524e-05,8.0192e-05,-5.4078e-05,2.7706e-05,1.0269e-05,4.3619e-05,6.253e-06,2.3878e-05,-7.6971e-06,3.6925e-05,-3.5942e-06,-4.1784e-05,3.3776e-05,-7.8532e-05,8.8001e-05,-6.7387e-06,-0.00010675,-3.8238e-05,-6.9126e-06,-8.2915e-05,6.9267e-06,-4.3159e-05,5.0815e-05,-1.6562e-05,1.414e-05,3.5997e-06,4.9893e-06,-3.307e-05,-7.9319e-07,1.135e-05,2.4314e-05,-5.7565e-05,-5.309e-05,-2.7866e-05,-2.2848e-05,1.1744e-05,-1.0989e-05,-5.2174e-05,-1.6969e-05,-2.4101e-05,2.7812e-05,-3.8681e-05,3.9431e-05,4.9996e-05,-5.4281e-05,3.0521e-05,1.3838e-05,3.3158e-05,-2.1177e-05,5.1928e-05,2.393e-06,-6.7989e-05,-2.2332e-05,3.8625e-05,-8.1106e-07,-1.9108e-05,3.9416e-06,-5.8637e-05,-1.2638e-05,-1.4702e-05,3.7506e-05,1.9131e-05,-1.5644e-05,4.9369e-05,-8.0389e-06,1.2952e-06,-4.7183e-05,-0.00010217,4.0485e-06,-1.5471e-05,-5.9857e-06,-8.7114e-06,7.1854e-05,-2.9441e-06,-1.4546e-05,-2.0484e-05,2.606e-05,9.585e-06,-5.5967e-05,3.3313e-06,-2.7639e-05,-3.2911e-06,2.836e-05,5.3596e-05,-9.1121e-06,2.3221e-05,-3.2105e-05,5.5202e-06,-2.9479e-05,-5.4168e-05,5.8637e-06,1.9125e-06,1.0889e-05,-5.0619e-05,-1.9812e-05,1.0601e-05,-3.6861e-05,1.7483e-05,8.6946e-06,7.5029e-05,-7.7256e-05,1.1086e-05,-8.5821e-05,-5.113e-05,-2.268e-05,-8.3327e-05,-2.5915e-05,-1.0112e-06,-2.7093e-05,6.2493e-06,-3.8986e-06,-5.3737e-05,-6.964e-06,3.7009e-05,2.0746e-05,2.755e-05,4.6998e-05
0.00011303,-3.6627e-05,5.4685e-05,0.00018348,3.9265e-05,-6.3296e-06,-0.00023391,0.00011806,0.00015321,-0.00011603,6.9546e-05,-4.7521e-05,9.1752e-05,0.040335,1.6549e-05,2.141e-05,0.00019494,7.3724e-05,9.6236e-05,-0.00029184,0.00011719,-8.3459e-05,-7.4251e-05,-0.00041419,-0.00021897,8.707e-05,-5.7995e-05,-0.00018986,0.00025955,-0.00024857,-0.00029778,8.3817e-05,8.3919e-05,0.00021052,0.00028081,-0.00020095,5.5571e-05,9.8041e-05,9.5157e-05,4.5666e-05,6.4483e-06,3.3033e-05,7.1076e-05,7.3444e-06,-0.00016241,0.00012597,-0.00021105,0.00025331,3.2654e-05,-0.00042374,-0.00016892,-5.1386e-05,-0.00023475,5.1644e-05,-3.9915e-05,7.552e-05,-5.4445e-05,5.8877e-05,1.0199e-05,-5.7147e-05,-9.2732e-05,-1.3837e-05,-1.4787e-05,2.946e-05,-7.5922e-05,-0.00014144,-0.00010888,-0.00010664,2.8192e-05,-3.2024e-06,-0.00012687,-7.8037e-06,-4.7463e-05,8.311e-05,-0.00010116,0.00011345,8.316e-05,-0.00016745,0.00010691,4.9021e-05,9.1802e-05,-1.6066e-05,0.00018056,-5.1514e-05,-0.00020886,-0.00012863,0.00015985,-3.0129e-05,-3.4179e-05,6.2338e-05,-0.000172,-5.968e-05,4.5907e-05,5.05e-05,7.2494e-05,-5.5762e-05,0.00016141,-1.5955e-06,3.5575e-05,-5.2284e-05,-0.00027481,-1.2037e-05,-5.1435e-05,6.6934e-05,-1.7037e-05,0.00025711,4.6009e-05,-8.9664e-05,-5.4393e-05,2.7949e-05,5.3122e-05,-0.00014175,-0.00010846,-8.7618e-05,-1.7188e-05,9.4432e-05,0.00022957,-0.00011569,0.00013495,-0.00011154,-2.2907e-06,-2.5907e-05,-0.00012386,4.352e-05,3.2705e-05,-7.8592e-05,-0.00011845,-1.8184e-05,7.56e-05,-0.0001281,9.2947e-07,4.3091e-05,0.00029328,-0.00016772,1.4546e-05,-0.0001681,-0.00017441,-7.211e-05,-0.00027424,-7.5599e-05,9.0113e-06,-0.00011241,4.3183e-05,-1.5548e-06,-0.00011491,-5.7919e-05,0.00010217,8.9539e-05,5.2481e-05,0.00019075
1.7596e-05,-1.9005e-05,6.8962e-06,-3.1867e-05,-5.9606e-06,8.1494e-06,1.6715e-05,2.2966e-06,-1.5138e-06,-4.0421e-06,-1.4712e-05,-3.613e-05,2.8661e-05,1.6549e-05,0.040042,2.6704e-05,2.7834e-05,5.4547e-05,-7.2286e-06,-5.9589e-06,-6.2115e-06,-3.1542e-05,-1.5264e-05,5.281e-06,-1.2629e-05,2.8106e-05,7.4989e-06,1.7757e-05,4.7068e-06,2.2581e-05,-1.5196e-05,3.524e-05,1.0712e-05,-2.6246e-06,-5.1895e-06,1.0016e-05,3.1415e-05,-1.653e-05,-1.8738e-05,1.2056e-05,4.1536e-05,-7.3778e-06,-2.6119e-05,5.0257e-06,-6.075e-06,-2.3426e-05,-1.623e-05,8.6856e-06,-1.742e-05,2.8585e-05,5.5405e-06,-8.1672e-06,-1.0955e-05,1.2451e-05,-3.3754e-05,2.6059e-05,1.5255e-06,1.1909e-06,-1.091e-05,-3.2921e-06,-1.8972e-05,1.9102e-05,-5.0393e-06,1.2382e-05,-2.9352e-05,-2.5984e-06,1.5348e-05,1.1084e-05,-2.0579e-05,1.1516e-06,8.479e-06,-1.7161e-05,2.3067e-06,2.183e-06,-2.1202e-05,1.2895e-05,2.4759e-05,-1.2395e-05,5.0974e-06,1.3547e-05,8.358e-06,5.84e-06,8.1461e-07,2.0778e-05,-3.394e-05,1.703e-06,1.5925e-05,3.8119e-06,-1.0105e-05,4.8496e-06,-1.8966e-05,1.0974e-05,-1.28e-05,-8.5857e-06,1.3351e-05,-1.421e-05,9.548e-06,2.1915e-06,-2.1125e-06,7.7574e-06,-2.4416e-05,6.5951e-06,7.9731e-06,-1.0624e-05,2.4498e-05,1.0368e-05,6.3808e-06,1.8869e-05,3.3553e-05,3.2247e-05,-4.841e-06,-4.4637e-05,2.4523e-05,7.711e-07,1.5204e-05,1.9298e-05,-2.1239e-05,3.1074e-05,-5.9205e-06,-1.3164e-05,1.0477e-05,-1.5027e-06,-1.2613e-06,-6.9347e-06,9.5772e-06,3.2537e-05,-2.2952e-05,-2.117e-05,1.8769e-06,-1.5535e-05,1.0834e-06,-4.1395e-06,-9.5218e-06,-2.7157e-06,-2.6702e-05,-2.5198e-05,-2.1431e-05,1.1472e-05,-4.5644e-06,-9.5681e-06,1.2947e-05,-1.4263e-05,-2.212e-05,3.0231e-06,2.8933e-06,-1.2391e-05,2.3021e-05,-9.5652e-06,-1.4915e-05,-9.5316e-06
2.9436e-05,-6.0791e-05,2.5783e-07,-1.377e-05,2.4683e-05,1.0117e-05,-1.0074e-05,1.0539e-05,1.6361e-05,-2.601e-05,5.2076e-06,-8.1592e-05,3.1861e-05,2.141e-05,2.6704e-05,0.040082,4.1771e-05,4.3101e-05,2.2589e-05,-3.0291e-05,3.3469e-05,-4.416e-05,-3.2885e-05,-4.6989e-05,-4.3238e-05,1.1991e-06,-1.7652e-05,-2.6561e-05,1.8037e-05,1.1688e-05,-1.1431e-05,4.829e-05,3.3434e-05,9.278e-06,-2.222e-06,9.8581e-06,9.9475e-06,-1.4593e-05,5.2241e-06,2.5235e-05,5.3718e-05,-9.0971e-06,-3.3035e-05,-4.1211e-05,-7.6595e-08,-2.8498e-05,-2.0753e-05,3.333e-05,-2.2667e-05,1.7968e-07,4.8471e-06,6.7944e-06,-1.8644e-05,-5.4667e-06,-3.464e-05,3.0146e-05,-7.6225e-06,-2.3509e-05,3.6845e-05,1.4207e-05,-2.3801e-05,5.5316e-07,-1.4292e-05,2.9826e-05,-4.304e-05,1.1046e-05,2.594e-05,7.5521e-06,-4.2844e-05,2.6791e-06,2.5601e-05,-3.2219e-06,4.5491e-06,-1.7199e-05,-4.6479e-05,9.4945e-07,2.1905e-05,-2.5711e-05,1.7025e-05,2.7746e-05,2.5707e-05,-1.6511e-05,-5.1943e-06,5.1687e-05,-5.9928e-05,6.8186e-06,-6.5806e-06,-1.6471e-05,-9.9004e-06,7.3271e-06,-4.3981e-05,-3.6731e-05,-6.4316e-05,-1.4049e-05,1.0977e-06,-2.677e-06,4.2506e-05,-2.544e-06,1.1942e-05,1.8853e-05,-7.3461e-05,9.7145e-06,6.3323e-07,-3.1602e-06,-2.0407e-05,3.6946e-05,-9.6751e-07,-7.4371e-06,2.1947e-05,2.9619e-05,-2.6448e-07,-8.4716e-05,2.017e-05,-1.2579e-05,1.4132e-06,1.8625e-05,-6.7635e-06,3.9121e-05,-9.3254e-06,-1.368e-05,2.5093e-05,-4.984e-06,-1.1124e-05,-1.7267e-05,9.336e-06,1.3312e-05,-2.6034e-05,-7.3881e-05,-2.4336e-05,-1.7741e-05,1.2308e-06,1.5463e-05,8.6628e-06,-4.1006e-05,-3.1325e-05,-3.1158e-05,-3.254e-05,-5.1658e-06,-4.3362e-05,-2.7683e-05,1.5545e-05,-1.841e-05,-1.85e-06,2.3958e-06,-2.6674e-06,-1.5324e-05,-2.2437e-09,-3.9553e-06,-3.6566e-05,-1.1125e-05
8.2034e-05,-3.1246e-05,2.8142e-05,0.00012605,3.2867e-06,-1.7695e-05,-0.00010868,5.6124e-05,9.6123e-05,-9.3089e-05,1.4027e-05,-4.281e-05,7.2375e-05,0.00019494,2.7834e-05,4.1771e-05,0.040191,3.1682e-05,6.8328e-05,-0.00015093,6.0297e-05,-4.9852e-05,-5.7599e-05,-0.00022494,-0.00015915,6.3854e-05,-6.893e-05,-0.00012195,0.00016065,-0.00012515,-0.00016736,8.4019e-05,8.8821e-05,0.00010166,0.00016536,-0.00011564,1.576e-05,1.4056e-05,6.096e-05,6.2585e-05,5.2188e-06,-2.78e-06,2.574e-05,-3.1474e-08,-8.8906e-05,5.9048e-05,-0.00011701,0.00017968,2.2922e-05,-0.0002341,-7.2979e-05,-2.5945e-05,-0.00019273,2.6247e-05,-4.3211e-05,4.3968e-05,-6.3913e-05,2.2918e-06,3.2243e-05,-1.1521e-05,-7.4167e-05,-1.6871e-05,1.9296e-07,5.0097e-05,-7.7568e-05,-7.9573e-05,-3.1976e-05,-7.1783e-05,3.1041e-05,-4.1095e-06,-9.8268e-05,-2.0235e-05,-2.0076e-05,4.955e-05,-0.00011135,7.5344e-05,8.8647e-05,-8.9055e-05,6.5181e-05,1.4707e-05,7.0124e-05,-2.7532e-05,0.00011795,-3.0152e-05,-0.00013037,-0.00010289,0.00011083,2.0116e-06,-1.9532e-05,3.3511e-05,-0.00011072,-1.1331e-05,1.1597e-05,5.6663e-05,4.6303e-05,1.2977e-07,0.00010107,-8.0011e-06,3.0699e-05,-2.2852e-05,-0.00017353,-1.0435e-05,-4.2888e-05,-2.6679e-07,-2.6001e-05,0.00017166,-1.2141e-05,-3.4096e-05,-5.0852e-05,1.9902e-05,1.0139e-05,-9.3615e-05,-6.5936e-05,-5.5879e-05,-1.2282e-05,7.607e-05,9.1762e-05,-4.8729e-05,5.5406e-05,-9.1311e-05,-1.2691e-05,-4.2193e-05,-9.0914e-05,3.9571e-05,3.3015e-05,-3.5165e-05,-7.2044e-05,6.2715e-06,2.0552e-05,-6.531e-05,2.6216e-05,2.7734e-05,0.00018448,-0.00016242,-1.4012e-05,-0.00010906,-0.00010039,-5.3528e-05,-0.00013799,-5.2854e-05,-6.7289e-06,-7.582e-05,6.1888e-05,4.9713e-06,-0.00010268,-5.0904e-05,7.1354e-05,4.1233e-05,5.6919e-05,0.00014508
4.9424e-05,-0.00010321,2.0708e-05,-8.5591e-05,1.6137e-05,5.1552e-05,-9.4426e-05,-6.1256e-06,-6.9376e-05,-2.0451e-05,6.0626e-05,-0.00010049,2.6375e-05,7.3724e-05,5.4547e-05,4.3101e-05,3.1682e-05,0.040189,-1.3366e-05,-8.9079e-05,2.0125e-05,-0.00010819,-2.2855e-05,-9.846e-05,-9.4516e-05,3.7466e-05,-1.977e-05,-4.51e-05,-7.9064e-07,1.2623e-05,-3.3158e-05,8.3934e-05,-2.7045e-05,2.2914e-05,5.0097e-06,3.5709e-05,5.9312e-05,4.8069e-05,6.446e-06,1.6662e-05,0.0001067,1.1545e-05,-9.5881e-05,-3.0859e-05,-3.8051e-05,-2.0694e-05,-7.1687e-05,6.6363e-06,-5.3209e-05,5.2848e-06,-4.1621e-06,-6.6189e-06,-2.0494e-05,4.5101e-05,-6.4175e-05,7.3591e-05,-1.7049e-05,1.6603e-05,-2.053e-05,-4.8031e-05,-3.9938e-05,3.1708e-05,-2.2463e-05,8.6274e-06,-7.7947e-07,3.8473e-05,2.0856e-07,3.9283e-06,-6.5838e-05,1.6251e-05,7.8063e-05,-2.3018e-05,-2.4944e-05,-3.3122e-05,-5.0032e-05,-8.3493e-06,8.6198e-07,-1.5215e-05,3.6626e-06,2.4105e-05,4.7314e-05,1.9246e-05,-3.318e-05,6.2608e-05,-8.6643e-05,4.5077e-05,4.1118e-05,-2.4585e-05,-3.2622e-05,1.5237e-05,-0.0001235,-3.1097e-05,-4.4903e-05,-6.2501e-05,4.7058e-05,-6.2684e-05,0.00010215,1.8463e-05,-2.1476e-05,4.924e-05,-4.8616e-05,-2.8352e-05,2.1414e-05,6.2116e-05,3.3685e-05,7.4519e-05,2.964e-05,3.4362e-06,4.1481e-05,0.00011336,-8.1917e-06,-0.00013273,3.1586e-05,-5.5504e-05,6.1265e-05,-1.8409e-05,4.2681e-05,1.0069e-05,4.9257e-06,3.917e-06,6.7032e-05,-1.4051e-05,1.2288e-05,-9.5094e-06,3.9404e-05,4.2367e-05,-9.9534e-05,-0.00011228,3.1594e-05,-3.0653e-05,-4.3934e-05,2.4131e-06,2.4977e-05,4.4859e-06,4.8956e-06,-3.9258e-05,-5.2564e-05,3.386e-05,-8.4191e-05,-5.7213e-05,3.3921e-05,-4.3965e-05,-7.8102e-05,-6.0652e-06,2.1479e-05,-1.9401e-05,4.8818e-05,1.579e-05,-4.1139e-06,-5.5046e-05
2.4756e-05,-9.6963e-07,5.4037e-06,9.7108e-05,-4.4021e-06,-2.1513e-05,-7.2231e-05,5.1591e-05,9.551e-05,-4.262e-05,1.0998e-05,1.5184e-05,4.5913e-05,9.6236e-05,-7.2286e-06,2.2589e-05,6.8328e-05,-1.3366e-05,0.040116,-0.0001229,5.9822e-05,-2.5779e-05,-1.5007e-06,-0.00014072,-9.9216e-05,2.5223e-05,-1.0353e-05,-6.7778e-05,0.00012771,-0.00010031,-0.0001205,7.2768e-06,3.4278e-05,8.6755e-05,0.0001212,-8.4028e-05,2.4043e-05,3.6019e-05,3.3296e-05,1.6028e-05,-9.9643e-06,7.5003e-06,7.4986e-05,1.473e-05,-6.6018e-05,5.9179e-05,-0.00011139,0.00014399,4.796e-05,-0.00023585,-9.9064e-05,2.0726e-06,-8.1397e-05,-3.1424e-05,-2.1222e-05,5.265e-05,7.6402e-08,3.1044e-05,2.7467e-06,9.3747e-06,-5.0224e-05,-1.3357e-05,2.2005e-05,2.4566e-06,-3.06e-05,-9.081e-05,-4.0986e-05,-5.9612e-05,6.4218e-05,-2.3487e-05,-9.6717e-05,1.6887e-05,-3.455e-05,6.4722e-05,-2.1556e-05,3.6699e-05,5.6726e-05,-8.9922e-05,4.7966e-05,-8.2666e-06,4.5524e-05,-7.5591e-06,0.00010368,-5.9239e-05,-6.3679e-05,-4.1832e-05,3.5923e-05,1.0403e-06,2.5517e-05,1.7769e-05,-4.3373e-05,-2.3737e-05,1.2172e-05,5.0854e-05,1.9404e-05,-2.6541e-05,4.5432e-05,-2.1167e-05,1.1912e-05,-5.8746e-05,-0.00013601,1.5496e-05,-3.687e-05,7.4981e-06,-4.7837e-06,0.00010362,2.5289e-05,-6.8566e-05,-4.9226e-05,1.4835e-07,5.1847e-05,-6.6037e-05,-1.3053e-05,-1.803e-05,-2.4346e-05,1.123e-05,0.00011032,-6.0671e-05,5.9038e-05,-5.2688e-05,-2.656e-06,-4.087e-05,-7.0656e-05,8.3213e-06,-6.1122e-06,-4.3643e-06,-2.9912e-05,4.2825e-06,2.4647e-05,-5.9208e-05,1.04e-05,2.8987e-05,0.00012831,-9.382e-05,-1.9251e-06,-9.3804e-05,-5.772e-05,-3.3793e-05,-0.0001114,-5.5349e-05,-1.3255e-05,-4.8083e-05,2.5512e-05,-5.4908e-06,-6.2372e-05,-2.2241e-05,2.8483e-05,2.2483e-05,2.0645e-05,9.2363e-05
-0.00011302,6.6654e-05,-3.1959e-05,-0.00015821,-4.6838e-05,-1.8278e-05,0.00024769,-0.00017486,-0.00014899,0.00010906,-0.00012109,6.5277e-05,-7.8852e-05,-0.00029184,-5.9589e-06,-3.0291e-05,-0.00015093,-8.9079e-05,-0.0001229,0.040366,-0.00012987,6.1908e-05,4.3958e-05,0.00045297,0.00023587,-9.2358e-05,2.9959e-05,0.00021576,-0.00026517,0.00027418,0.00028864,-6.1565e-05,-7.0769e-05,-0.00025113,-0.00029101,0.00019228,-6.1941e-05,-0.00015095,-8.241e-05,-3.6683e-05,-5.0555e-05,-4.5351e-05,-0.00010569,-1.2335e-05,0.00017747,-0.00014515,0.0002433,-0.00026208,-7.3549e-05,0.00050548,0.00019664,4.8893e-05,0.00022521,-4.6392e-05,2.7654e-05,-9.7881e-05,3.2063e-05,-8.7926e-05,-4.1834e-05,6.5567e-05,7.7607e-05,1.3222e-05,8.5788e-06,-2.5277e-06,7.0837e-05,0.0001496,0.00015327,0.00010037,-4.2222e-05,-2.814e-06,0.00011345,3.3979e-06,8.1077e-05,-9.7917e-05,7.0021e-05,-9.0651e-05,-7.381e-05,0.00019215,-9.0077e-05,-8.3419e-06,-6.6017e-05,-4.0246e-06,-0.00015686,4.7152e-05,0.0002085,9.8633e-05,-0.00012572,4.0869e-05,3.5451e-05,-6.3993e-05,0.0001871,9.2705e-05,-3.3345e-05,-3.6772e-05,-4.9757e-05,0.00011814,-0.00021052,1.8927e-05,-1.7788e-05,8.4586e-05,0.00029192,4.482e-06,4.185e-05,-9.2473e-05,2.4494e-05,-0.00029363,-6.4418e-05,0.00012715,8.2759e-05,-8.8364e-07,-0.00010156,0.00012293,7.9713e-05,0.00010306,1.4817e-05,-7.5319e-05,-0.00030538,0.00015142,-0.00017094,0.00012004,-3.7247e-05,4.0737e-05,0.00015567,-4.1686e-05,-1.5655e-05,7.7582e-05,0.00012634,4.1096e-05,-9.3392e-05,0.00016315,2.332e-05,-5.3192e-05,-0.00034059,0.00016205,-3.08e-05,0.00017098,0.00021579,3.6315e-05,0.00031773,9.46e-05,-7.4106e-06,0.00012559,1.0453e-05,2.6993e-06,8.3784e-05,2.805e-05,-9.3781e-05,-9.8469e-05,-2.3673e-05,-0.00016392
4.4202e-05,-2.8285e-05,1.2926e-06,7.3913e-05,1.1997e-05,-3.1561e-06,-7.1347e-05,5.8343e-05,6.7497e-05,-6.2376e-05,4.6329e-05,-4.31e-05,3.3844e-05,0.00011719,-6.2115e-06,3.3469e-05,6.0297e-05,2.0125e-05,5.9822e-05,-0.00012987,0.040069,-1.746e-05,-2.4577e-05,-0.0001639,-8.6875e-05,2.7335e-05,-1.9737e-05,-9.0461e-05,0.00011844,-9.1058e-05,-0.00010782,2.7985e-05,4.1189e-05,7.9159e-05,0.00010381,-6.86e-05,2.3339e-05,3.0981e-05,5.0862e-05,3.3391e-05,9.9444e-06,-3.3012e-06,4.7657e-05,-1.2254e-05,-7.6787e-05,5.0019e-05,-8.6238e-05,0.0001073,5.9055e-06,-0.00018501,-7.019e-05,-2.8286e-05,-8.9943e-05,2.3169e-05,-2.5845e-05,2.659e-05,-1.716e-05,2.9058e-05,3.697e-05,-1.2518e-05,-4.3074e-05,-1.4526e-05,-8.036e-06,1.3035e-05,-4.2119e-05,-3.9854e-05,-2.9955e-05,-3.5649e-05,1.188e-05,6.07e-06,-2.8799e-05,-6.7338e-06,-2.4641e-05,3.6863e-05,-3.9272e-05,5.3547e-05,5.4588e-05,-0.00010127,4.3058e-05,1.0743e-05,3.0562e-05,-1.688e-05,6.1505e-05,-3.2542e-05,-8.9929e-05,-3.5922e-05,4.7941e-05,-1.4132e-05,-1.762e-06,2.7109e-05,-6.4578e-05,-4.7526e-05,2.4398e-06,2.152e-05,1.46e-05,-3.8764e-05,7.7242e-05,-7.3271e-06,8.1612e-06,-4.5991e-05,-0.00012939,-1.396e-06,-2.5195e-05,1.7581e-05,-2.6735e-05,0.00010839,2.5947e-05,-4.9475e-05,-3.3353e-05,-7.6543e-06,1.5715e-05,-6.2693e-05,-1.9186e-05,-4.4423e-05,-1.1963e-05,3.8368e-05,9.7965e-05,-4.6643e-05,5.5579e-05,-6.9217e-05,-1.3859e-07,-1.9682e-05,-6.9102e-05,1.0835e-05,3.5705e-06,-3.006e-05,-4.315e-05,-2.2882e-05,1.1911e-05,-7.1317e-05,1.5913e-05,2.6445e-05,0.0001089,-9.2587e-05,1.469e-05,-7.3296e-05,-8.6452e-05,-2.0937e-05,-0.00012238,-4.548e-05,8.0519e-07,-5.3203e-05,2.1104e-05,-2.7265e-06,-4.1343e-05,-1.3732e-05,3.0204e-05,2.8685e-05,-6.4161e-06,5.9485e-05
-3.5868e-05,5.285e-05,-3.2445e-05,2.0795e-05,-1.4447e-05,-3.0391e-05,8.0891e-05,2.6382e-05,1.1282e-05,2.667e-05,-1.7375e-05,4.4924e-05,-4.8112e-05,-8.3459e-05,-3.1542e-05,-4.416e-05,-4.9852e-05,-0.00010819,-2.5779e-05,6.1908e-05,-1.746e-05,0.040097,3.3599e-05,8.5899e-05,0.00011046,-3.7836e-05,1.9836e-05,2.4794e-05,-2.9133e-05,-1.0459e-05,5.5985e-05,-6.5419e-05,-2.1682e-06,-3.486e-05,-3.203e-05,2.378e-06,-3.2599e-05,-6.0223e-06,-1.3298e-05,-2.652e-05,-5.5753e-05,-1.0312e-06,3.9405e-05,2.3114e-05,3.1154e-05,-3.7142e-06,6.9377e-05,-3.925e-05,2.8853e-05,3.8172e-05,1.1336e-05,-4.7277e-06,4.2155e-05,-1.2057e-05,5.2084e-05,-7.6089e-05,1.617e-05,-8.0238e-06,2.6521e-05,1.2312e-05,4.7409e-05,-1.0672e-05,-8.355e-06,-1.9679e-05,4.0345e-05,4.1602e-06,1.8713e-06,1.0956e-05,2.9343e-05,1.3638e-05,-1.8394e-06,2.4892e-05,1.772e-05,-6.8453e-06,4.6533e-05,-8.7185e-06,-2.428e-05,2.1271e-05,-2.5648e-05,-2.2097e-05,-4.5763e-05,7.3089e-06,-1.4293e-05,-4.2092e-05,7.7724e-05,-3.1156e-05,-3.0351e-05,4.2742e-06,8.744e-06,-9.0641e-06,7.6841e-05,6.7638e-06,3.1506e-05,7.9913e-06,-4.2695e-05,1.0359e-05,-8.0991e-05,-2.7789e-06,8.9427e-06,-3.0159e-05,7.7011e-05,2.5844e-05,-1.3652e-06,-3.9079e-05,-6.7712e-06,-7.195e-05,-1.2188e-05,9.8256e-06,-1.7929e-05,-8.0897e-05,-4.8776e-06,0.00010345,-2.6757e-05,4.462e-05,-2.9731e-05,-8.3577e-06,-3.9782e-05,-8.0055e-06,-4.3364e-06,1.173e-05,-3.5989e-05,2.0365e-05,1.2344e-05,-5.5868e-06,-2.3221e-05,-3.0131e-05,6.1081e-05,9.4837e-05,-6.2402e-06,1.4946e-05,1.5636e-05,-4.4424e-06,-3.8941e-05,3.7448e-05,-1.4806e-05,4.7582e-05,2.7843e-05,1.6502e-05,7.5067e-05,5.1783e-05,-3.6291e-06,2.5156e-05,2.5962e-05,1.6705e-06,2.8776e-05,1.2311e-05,-3.9562e-05,-1.2732e-05,-3.1197e-05,-1.7569e-05
-3.7439e-05,2.1282e-05,-1.3963e-05,-2.2419e-05,-1.901e-05,1.7594e-06,3.7644e-05,-1.9509e-05,-3.3416e-05,3.4549e-05,9.5451e-08,4.2626e-05,-2.9332e-05,-7.4251e-05,-1.5264e-05,-3.2885e-05,-5.7599e-05,-2.2855e-05,-1.5007e-06,4.3958e-05,-2.4577e-05,3.3599e-05,0.040031,0.00010295,5.7271e-05,-4.8286e-06,2.6404e-05,3.5946e-05,-4.3095e-05,4.2779e-05,6.5206e-05,-2.9971e-05,-3.9631e-05,-4.1485e-05,-4.8097e-05,3.1944e-05,-5.1877e-06,-9.2861e-06,-2.5635e-05,-3.4061e-05,-1.5106e-05,-1.0008e-05,9.5923e-06,1.34e-05,1.9105e-05,3.4865e-06,2.9503e-05,-5.0997e-05,1.5464e-05,4.8345e-05,2.4344e-05,1.0591e-05,4.5983e-05,-1.9638e-05,1.3247e-05,-1.2557e-05,2.4226e-05,-8.0079e-06,-2.4713e-05,1.738e-05,2.3318e-05,-1.1363e-05,1.4317e-05,-8.5521e-06,3.2073e-05,1.2594e-05,1.2387e-05,1.5607e-05,1.5305e-05,-1.3858e-05,1.9468e-05,1.3755e-05,-4.9453e-06,-1.0955e-05,4.432e-05,-3.2797e-05,-1.4376e-05,3.0169e-05,-2.6934e-05,-3.1414e-05,-3.1626e-05,1.126e-05,-4.3056e-05,-1.8117e-05,6.8099e-05,2.9175e-05,-3.497e-05,5.6158e-06,2.7188e-05,-1.724e-05,4.28e-05,2.1127e-05,1.737e-06,-1.2814e-05,-7.3121e-06,1.277e-06,-4.3229e-05,-4.1953e-07,-6.6361e-06,-1.3096e-05,7.0369e-05,3.6321e-06,6.0543e-06,-5.5256e-06,9.193e-06,-5.643e-05,-1.2369e-05,1.0312e-05,-1.4222e-05,-5.9289e-06,3.4319e-06,5.5132e-05,1.8065e-05,1.9524e-05,-8.915e-07,-4.1667e-05,-2.9321e-05,2.5972e-07,-1.3226e-05,2.0812e-05,6.8987e-06,-2.7712e-06,2.4557e-05,-5.8398e-08,-2.0786e-05,2.4778e-05,2.4645e-05,3.3691e-05,-4.2352e-06,2.3977e-05,-1.0648e-05,-1.174e-05,-5.4575e-05,4.0315e-05,5.5624e-06,2.7979e-05,3.5946e-05,9.6757e-06,5.4749e-05,2.246e-05,-1.6976e-05,2.1843e-05,-2.0224e-05,1.1682e-05,1.5659e-05,3.7633e-05,-4.185e-05,-1.8263e-05,-2.4318e-07,-2.9653e-05
